21
7
8
11949
84
2181
3
7484
559
1348
2966
15990
1348
1979
3
4466
39703
6335
28
8
14
28
66
2507
2851
2507
46
4033
13620
8288
7
1869
14
32
469
8041
700
11
2762
7
18551
95827
1394
78032
10908
3
10094
33
15830
65205
8041
4842
3
476
93
3647
11
751
3040
2507
547
7
15830
65205
1394
29198
3
456
1859
7
66
509
3
1587
12985
11179
22884
1767
15
105
27531
37
1273
156
10502
45
3964
2198
3
15830
65205
10908
476
27
132
511
1222
35795
2104
53
15
2578
7
3140
3126
3722
136
1139
32
2671
45
704
1062
36
17679
2403
8586
895
3
807
5050
9
32
10172
116
55
2573
2072
7
16677
23127
2731
3
1549
318
34192
322
330
3817
3
318
13
1222
9985
329
3
11255
7
44
44
44647
68
2757
12659
301
9
772
44
408
15
3
11024
604
49001
3
10095
27
46361
75
15
49001
1472
127
4485
14727
1060
10612
1060
3103
33
530
1202
3
4908
170
530
60341
8
1451
687
347
25695
99
23420
22
8351
31
1152
79
177
26935
3
63916
87
15
360
3
118
7
1201
4485
340
1244
38059
537
3
17746
4539
1294
45740
1639
3
552
8
13387
3210
54
4195
1426
76155
3
11950
2932
16151
2979
160
12
4276
630
7
35796
3
7303
209
15
127
32
35796
438
12
197
685
10
986
761
8
14
3670
1913
1315
12
65
582
6127
198
27
234
93
92
5694
2941
35
371
2941
463
485
3
25518
4212
84600
2015
141
22
711
11
28988
7
651
22360
5139
352
33
22
14392
12
422
14089
6525
4612
18
7264
1121
50
47
11951
1202
3
155
132
12
5508
192
286
12
42559
286
12
1202
31097
286
215
89845
389
63
7959
3
129
78035
3007
5582
3403
3
15390
202
6664
92
414
976
1229
1339
112
72643
496
31369
10
17835
47
45741
6541
44114
4090
2676
8368
2019
18294
4575
12805
30836
16475
104
38
1772
3
5448
314
43
192
18
284
692
11413
30375
968
3935
55
22
447
7690
38
5683
19399
144
3
10257
1023
10
115
32735
192
221
23128
221
9306
236
932
58
99310
3
3280
3
6162
6587
9
11004
2720
229
393
2805
3
5846
1678
9
116
178
6685
2666
38
11557
548
1411
4187
39
393
13657
393
27
10909
3211
167
3
12517
490
67
499
13
2801
13076
569
3
601
9
2261
13076
8
14
23581
218
245
961
741
471
961
73
351
1591
33
13287
263
9076
553
4378
13
807
253
53577
29664
917
3
480
742
32448
42
22
104
10707
2537
1805
85
3
15322
32448
659
319
22
101
1440
901
3896
41
14174
6724
3
1292
1534
22243
1362
1596
10071
545
11
1140
648
3
996
4388
12487
145
3
4727
9
4221
1823
223
3
3291
16804
1475
87
41
78037
1566
1314
1778
4213
191
280
188
1033
17256
42
9937
2069
72
6686
9937
62
3
5263
7
38060
185
21
425
1465
373
84601
3
237
30
863
133
135
6407
395
10
44
5775
7
161
897
34785
2527
11
1031
2699
1059
89
85
3
986
685
36
109
1415
1951
1793
82282
7553
1207
3708
31
181
3832
91
27
1037
13
2212
284
61
117
42061
43594
617
228
5924
87210
21301
1108
1169
775
3
4979
10613
638
1493
244
124
1493
22
76
9
454
3
802
397
874
33
3
6675
37
460
123
25016
94
21
342
2308
7
36869
510
23
1100
9049
30
7
8
2843
14090
806
18
3
19315
2020
6116
131
108
1327
3975
5395
603
25696
8
57
2575
412
302
3151
9732
3
657
112
3
33586
194
8
14
29
1176
419
217
3
557
502
345
10
446
217
3
637
7
60342
1555
11
637
19590
31
637
3
2410
11853
232
696
13
7895
1751
36
1138
67964
7
2813
2632
48313
2725
6497
322
572
215
3
1573
1526
15
19769
389
8
35436
103
12617
3
4450
36
27929
6162
2929
3
1101
222
7
64
3256
6634
11
7235
12156
3
12617
7837
90
64
49003
55
866
3
1442
508
35436
451
834
3
9182
2160
10
111
715
6498
339
35436
451
52
404
89846
3
1442
79
1032
90
41
754
14091
3
4505
1500
3
667
15
6005
13
4277
9709
105
3
2909
2110
15537
8513
9
1938
150
30609
3
230
10233
37
21
1696
30609
10
8826
32449
78
21
7
8
40
51
438
12
671
27532
21410
896
271
3
424
9
12
871
1011
21410
8513
404
19316
14631
35
21
7
8
543
1756
51932
30609
56348
1151
43596
1685
3224
833
9
728
3
6436
424
139
104
1474
3
424
22
901
1911
168
39
7
133
3
1474
779
43596
1685
1474
89
803
402
161
828
4826
2166
100
534
104
20531
3
17185
12909
3007
56349
48
8
14
1662
1631
123
38061
9879
7
7930
2693
18
3
3471
2537
47649
32450
6527
32450
6527
6676
9
44
1328
3
72644
862
6676
82
23
9
44
15108
4082
11414
6676
6676
3
274
725
13
13161
6676
43597
39
63919
429
157
246
99312
9
31100
3
6907
84
770
3
9
30
1678
43
987
413
3
2222
154
6196
3
964
1359
950
932
2718
43
8
7253
162
194
8329
1819
52
294
22028
469
9406
3
17036
12307
120
56
31101
220
35
3
3888
282
92710
6030
8
65209
238
7674
8330
918
2919
41061
277
429
4661
34490
1620
7
3585
13
495
3
704
2141
453
255
165
176
3
1740
317
7
495
255
252
3
7008
482
718
9
34490
1620
3
9616
113
171
1436
8
6048
76156
1148
118
82
173
8
2861
22029
2494
66571
5200
3
224
12
389
22477
7
161
31
1440
8234
3
1873
8
46
3
224
9183
389
35
641
243
9
5051
3
17987
37
13127
184
13
12772
105
82
41
265
655
77
2663
2870
775
37256
22
87211
440
3
15007
5486
45742
43089
34491
375
1108
414
164
10531
5073
632
33
380
99313
119
6553
21081
771
3
14286
153
380
12
76157
76157
38878
1317
828
757
38878
38878
76157
15931
63920
9
134
33
3346
21920
123
1958
134
17747
67965
3183
1481
92
376
11508
4040
694
675
29419
3
124
9
7988
78038
70
8317
27135
213
35
203
508
28768
485
599
78
92711
186
7172
34492
23004
39
21661
21302
23582
15648
4312
1421
45
5841
4312
7752
21661
48
26387
5516
538
63
570
28
82283
10
36870
7
43090
10
88
190
18
23
15
3050
248
70
1146
207
197
3
3509
582
3565
159
189
163
165
1270
25859
3509
15274
3
7604
27
503
1316
3
9457
53
11531
314
3509
15274
3
1583
159
27
7
22361
11025
33
7
15831
966
2278
3
8187
5354
2142
3837
3
1787
132
173
15831
3
966
13
2278
3
1787
4500
23838
18705
12
2142
169
664
19317
290
22362
2813
35093
74316
16952
9532
82284
37
3912
3
16213
69
8
21
7
9589
56350
482
11
2060
3
2487
35798
2398
461
571
2249
1059
36
1879
178
475
19138
63
401
8666
52738
2091
62
401
8666
36
308
5636
526
21
648
97
13
2643
1384
7691
1313
1420
2358
379
52
28769
3
26567
2290
9710
74317
153
366
9
33587
252
3
366
9
687
408
15
3
999
597
2376
3
366
110
285
3
676
107
880
599
3
1034
1023
11256
21528
11108
10
231
41574
3
304
21
7
8
430
822
30
7
8
2489
2891
2227
9685
734
1005
3
10810
10
11026
237
18
3
7368
21
2055
351
14968
3292
3428
3
2161
12873
12
36497
10
9685
31102
917
22
1594
71056
9349
1393
901
10811
1015
14
8811
1650
84602
3
10810
324
33006
218
5093
8105
375
1991
44648
3
533
599
91
1364
654
30838
3
472
13
304
50422
81
6087
44
265
3
2459
7212
30
5863
11289
97
2301
5700
3
12773
6312
11
15213
27721
35094
122
2349
156
65210
44
155
265
1002
3
78039
953
3076
2541
571
3076
9
80
226
12
125
45213
5030
3
3076
25347
680
25347
680
9
621
3671
110
7
25347
3999
3
1177
11558
3140
27930
22478
27931
680
1240
4620
680
1287
5608
56351
19318
680
33007
19770
84603
680
8
14
29
37257
14969
164
707
5131
20841
32
573
922
548
92712
10
76158
45743
7
3959
1979
369
198
3970
12910
3
12449
283
116
92712
2363
284
32
1366
3
38879
41
536
280
47
37642
59
47
1058
789
3
6197
360
3
6833
10
13252
15
1396
105
37257
22885
838
164
1857
2830
57321
68
4023
2350
351
35437
68
27136
49
3
14287
429
14288
116
92712
1163
284
566
21
1946
124
31103
26936
3
1983
313
271
2395
67
146
334
21
10
19218
481
12
35
26568
42062
2399
6755
10853
3
7989
33
3
441
21
1022
54485
14498
56
55
39706
878
303
805
3
24865
23
9
39
5925
24401
48
719
15
11
1896
3
4547
3643
375
245
362
3700
620
33588
1069
11
115
174
10
1976
4871
721
7198
89
1012
92713
18073
398
159
10
291
4651
159
3
348
10
821
2651
112
17988
109
159
174
8
14
17988
821
174
34
1208
357
390
11800
24553
4195
852
4195
852
1136
9
1624
1592
701
96
304
7
8963
704
3
32
31903
8703
8
14
29
22
62588
3
883
1586
7
23583
4041
13928
14092
239
2852
15214
3413
2792
3
250
42
133
23274
703
204
3387
12
4885
46
602
133
206
26751
3960
31104
28143
220
3047
147
2063
365
22
101
20532
2837
23274
703
10
24402
2837
23274
703
48
14040
3387
3
23274
703
760
100
101
20842
420
23274
703
428
12
384
358
1932
11
204
3387
12
4072
46
703
4072
4019
69437
17037
6518
6297
4130
32451
64
9375
5296
37643
5252
8
14
23421
473
3
1281
611
2507
55
178
319
7
16953
862
18
23
15
590
168
8554
4085
125
4515
12911
22131
10
21
4434
3
3
7591
5390
11
21
3
995
9350
45214
3230
11
57322
556
7
615
980
1604
26038
13
82285
1402
47
410
90
3327
82285
3
36
9836
3
344
2711
821
226
12
13
27
3327
26038
3
5291
3
821
12
2711
260
99
12
7896
4108
50423
27137
50423
27137
492
6849
19494
126
540
338
1916
66572
8144
7
44
118
80011
36
500
155
11820
15
1892
2747
1137
15
16679
21529
1395
92
6938
2747
32736
8
14
29
21
3
3708
117
6787
701
63921
13
920
403
3829
1743
6714
30
40
45
6734
7
3708
3
701
75
122
45
29889
1100
567
76
98
2652
31625
31370
3314
1274
90
458
3
1274
56
5701
1644
33
4091
1167
207
4449
303
169
206
1599
843
2410
3
4123
81
1640
9407
3
4090
35
1728
1616
53
408
36
28
78040
7
6082
36
3701
3
96
1440
306
9
7
594
134
18
54486
3
38880
63
991
21
3
652
51933
1634
9
39
127
3
6578
39
4763
74318
60
2171
2364
419
3800
981
15
63
9917
32452
11640
1557
34
9685
31102
9685
31102
9
191
8
7
35438
33
90
734
1005
3
58253
27
22
1005
31102
3
1067
35
9685
33008
16548
58254
199
2866
35
205
11202
19942
10
38881
3
2599
3
2877
37
848
7
84
1966
3
2089
10
535
451
210
8476
23
22
414
6553
3
1304
3897
9
67966
142
18869
8
23708
482
7783
22603
2016
2392
12
752
45744
3772
310
752
1050
3
10778
13
1050
3
41575
410
9
7
161
61
994
57
3
45
899
9
20953
9776
2470
20733
1385
1521
23005
1391
267
1971
5455
7566
120
15
6872
3
2337
1682
2846
120
9776
46363
3
3153
10190
332
66
46363
3153
3
7468
13336
9
263
252
3
46363
7784
559
3
4941
170
12942
38062
1597
530
506
9
32
530
73
1655
8
5517
20129
13
57323
58255
8570
35439
1212
212
53578
5882
6116
16152
11915
3
5882
20129
16152
15538
622
1554
66
187
9094
9938
3975
27324
1045
68
78041
3975
5395
603
3918
85
95
54487
2046
3
18797
12
5758
1947
3
2490
180
23
9
5758
15275
84
147
3
7708
300
172
136
3655
65
2717
1154
8
230
281
33
1984
3
278
2919
2737
136
3
456
4696
8
14499
12
2893
266
301
3
7767
1038
23584
172
23
116
82
1643
69438
35095
13253
1881
116
82
2930
12
69438
35095
49726
205
141
841
417
3
24403
1781
953
15880
1781
3
438
299
81
438
205
417
47
841
3
24403
1781
635
137
1618
67967
3
438
21
7592
2499
3
13929
561
30610
6275
3
195
4226
56352
7
277
3
10677
6182
23275
2013
54
22604
97
55
4167
300
1050
1273
7
2738
298
2266
56
2039
246
2860
20040
332
630
1836
3
3514
332
78042
332
1385
24708
36
1724
3979
332
630
1836
3
267
14227
5455
198
387
7623
143
856
865
2704
20041
633
42
8587
57324
9
79
134
14500
15
609
3
3987
14778
10
4625
68
147
3
11821
3
509
225
7
12
1734
3
441
33
3
148
45215
3
3751
71057
1734
3
206
225
7
15
84
102
38
655
3
441
9
2006
3
5127
1148
28
8
12064
370
32
80012
3
11415
4392
11
182
304
3
47
24271
70
107
779
458
28
1205
586
27533
3
3985
463
189
23
42
10439
586
27533
3
424
925
5306
586
27533
704
586
27533
893
586
27533
34
63
3
7518
9
17748
17553
4958
8289
10
46967
12241
3
457
9
3404
14289
3
1096
45216
614
31
22
14684
3353
12
35096
49727
48
92714
49727
7
3315
34
97
15
5436
5820
3545
9918
2821
444
1977
4322
1251
69439
49
1324
1193
3
567
3
92
288
12095
283
695
8
14
29
7
2635
262
211
27722
955
78
2522
10191
3
1569
9
9145
9900
1522
11729
3
723
1811
50
721
316
5549
477
3
16734
17186
26220
3965
7
26220
3965
875
108
3131
108
54
2162
1471
27932
5855
7566
627
1355
190
3
1293
30376
2867
9
6746
30376
3
73
5210
95
1586
2193
5253
713
3089
814
12731
95
15649
3
1177
9
39
13930
9533
1678
3
38
2186
1683
15
999
1731
22479
46968
16735
2134
40
7
8
14
29
61
26937
2551
42561
9
1229
6203
537
69
1201
6528
14631
62589
13
356
60
255
3
190
139
1721
15276
3
33009
9
241
356
7
616
49728
449
100
901
350
42561
51934
120
13288
258
6677
1629
87212
1629
3648
15324
42
58256
2371
6797
2674
60343
51
433
1302
2287
31
129
1903
158
45
1266
14779
4373
833
15
1990
3
980
374
14093
3
771
763
178
48
484
6617
7
481
839
830
3
1492
1027
56
27933
8721
206
5170
11
2786
138
57
7
1308
179
3
95829
28770
8588
5684
808
4075
29420
82286
60344
21303
9458
71058
89847
23
170
1376
35
325
39
57325
17749
1812
4290
2813
117
8533
1629
973
15
4117
1259
117
89847
28344
53579
14332
116
5593
411
468
492
394
4206
27
22030
3
8737
7254
5791
7254
5791
7254
5791
39707
53580
97
69440
828
3
16322
14393
1485
237
3
7254
94
7
296
14
29
99314
654
3818
1039
164
21
40
1349
7753
8
61
245
369
3
3321
2471
34786
11
495
166
12519
3
62590
14333
4395
75
451
387
1250
18142
60
143
70
30125
4404
9146
78
3604
3
3958
11952
222
39
12774
420
3604
3
45745
411
7798
11952
122
3604
7
21783
198
50
785
1352
3
1503
2232
12
14175
11700
45217
8838
10568
278
48314
53581
30
1813
32453
75
21784
99
237
3
21082
9
32
47
3246
3
4362
10
15
4751
3
4605
81
653
47650
3
3246
3048
1102
58
316
46364
1973
3
2743
2018
1687
35
1843
113
150
6960
16048
3
2153
8781
9
7
31371
85
3138
649
9163
69
23422
18473
9758
34
41
64
29665
3
19139
22
5736
3
148
9550
76
9
6408
1055
3
1790
10812
889
5268
238
3
1847
27534
537
163
42
15
38
22605
170
199
221
3
519
453
61
245
18212
15109
28
8
14
29
1555
11
162
5171
49004
10
45746
12
395
70
1438
45747
67
1709
837
282
2981
49004
117
1122
2981
1398
61
108
467
307
70
23980
703
7
7852
18553
119
1776
7852
50
77
92715
44115
10
2714
317
703
10
2714
703
42
9
7
7852
3913
33
836
3
23980
703
2742
7485
1236
59
4635
37
2454
117
4697
15650
288
1508
5494
49005
2187
6135
2120
95830
14290
12
22746
142
1300
8765
1095
21
14
29
4399
13
45218
34
3746
4581
2604
838
2570
5834
3
63
6313
15
20533
49729
87213
95831
74319
6819
9243
4679
530
135
44
51935
301
4112
8857
34
114
244
404
1032
1462
9428
5024
23
588
11
23709
5114
15
38
781
14228
18295
28345
1660
514
140
101
16049
1821
13389
5469
1556
8
19140
2814
516
7
23709
6117
179
11
38
2315
2523
104
21
3
1261
14394
170
1050
3687
3
948
24272
6147
136
3
9164
48
61
3
18143
41576
17490
35
54
7
11641
1812
25173
2952
18
4264
58
42560
98
1159
104
7147
33589
7960
3
3219
81
164
3465
17986
1799
35097
3
2396
7236
578
83
1243
29421
14
25519
332
8
25519
3
129
12
51189
14
1676
14
3
1997
252
14
25519
129
12
2549
14
3
1997
619
786
28771
77
18
3
320
27
891
31904
41062
47
935
2473
21
56
8
43
8
7
8384
218
18798
604
602
144
218
1684
3
34493
206
9
1346
31626
3
1839
57326
6908
82287
267
23276
616
537
255
3
15776
37
720
8477
5192
18706
72
309
1102
55
185
52
11
91
84
28144
3
144
239
23
9
91
33876
2022
18707
3
5637
1937
112
62591
8588
76159
9483
67968
306
9
2042
2108
521
49
1061
9711
1765
77
7265
21
4042
20042
275
1347
1309
23
592
3
15777
27
1061
19319
349
28554
3
782
46365
23
408
590
28
10173
2414
3
89
1604
848
7
1500
1532
27138
46
7665
653
51
37
23
451
89848
3
11509
4456
8
687
1369
4774
10
16323
23
279
11
6321
7
8
11478
1905
2793
3
11136
1834
11450
35799
50
847
3
8161
2386
611
32
265
3
2793
131
244
2167
1378
23006
3
2386
48
3
1010
3
336
2386
21
3
4486
470
16736
31
622
6734
28
27934
465
3
853
7
53582
3
118
18
23
933
22
428
12
794
11158
9880
60
6258
3
3403
4680
10
78
80013
41
4816
6704
3436
27723
328
203
843
353
52739
2104
11
504
156
1099
5437
12
3916
4434
2363
3017
8
14
29
46
378
694
39
2629
51190
3
5481
555
126
7583
28
15778
153
51191
33
1103
18
150
42562
6106
18213
7
451
388
4850
96
3230
4487
30
87214
288
629
884
12732
4642
25017
15325
3266
242
4082
4073
7
8
1389
11
9864
66573
15
28772
2439
6369
41
44
224
3
1000
240
11
20534
3
7785
161
138
2597
2426
16549
3563
34787
599
52
2613
3
2559
14
29
3212
750
95832
1994
67969
1985
482
697
95833
123
57
219
3695
1519
395
932
3
1099
2907
1179
1751
254
5324
7645
1102
1310
2718
49006
7
18
18214
744
485
8985
1782
940
63
58
49007
49007
36
1878
35
10123
75
15
88
10123
168
5187
3156
206
27139
2162
3
252
693
7
1766
18
47
5417
3801
1912
512
112
7593
15391
34
579
13768
2653
6747
126
53583
126
18144
2023
11
405
50424
112
54488
1923
4934
4327
16550
3632
49008
15326
92716
2707
15
16050
44116
346
475
647
39708
777
23
28
8
14
6394
28
6900
936
10938
87215
54
1151
8
66
4827
363
3
34195
18
23
40
87215
29666
1681
63922
70
66574
3
1955
8
171
3
458
242
22
1350
97
76160
339
23129
83
2455
3
11054
123
833
15
45748
1434
89849
73
168
687
61
1369
34
23
521
15
5878
17680
4582
3
14547
784
49009
1133
7
42563
77
374
243
3
3555
107
16737
3
453
22
101
6588
198
199
9
7632
3
1888
23277
3
632
13
14090
1094
3
632
3418
7291
8106
10
4501
4764
1156
773
413
63
1162
15
1684
1504
13
27724
7692
7692
63
7505
9
3273
68
24140
552
8
1084
96
7
18956
28773
3
5207
23839
18
5737
11
6328
140
28346
188
3
24404
48315
3
445
1363
1252
335
1190
21187
2004
1994
74
30
28774
3687
792
272
3144
43
12775
2597
28
8
176
7432
98
862
711
11
356
3
507
359
22
6860
3
9307
30
13
49010
3491
18
76
356
507
287
344
6860
210
3
20954
1363
1319
525
211
422
444
37258
375
1305
2757
571
95834
16324
1305
851
24709
1305
381
446
22886
1417
3
5974
159
65211
7
26388
12874
190
353
2024
471
38882
229
4189
282
2570
251
132
324
99
2024
3
556
12195
16954
7
10584
3
445
14585
10880
3
445
68
21
41
870
898
3
1297
711
11
21
3
486
1119
132
3152
21
3
192
1119
89850
393
15
16476
19219
16876
48
12
1130
23981
12
99
1084
230
9408
391
30
50
264
296
3
8081
30839
230
95835
68
71
1084
3
230
9408
160
6975
7
8
22
6715
9812
12
6519
52
64
108
65
6519
595
260
99
635
293
22244
1170
3
1286
373
273
6587
217
109
3
3805
337
75
41
635
1190
901
1632
344
2146
695
982
376
35
2001
254
3
1480
137
30840
297
20843
15832
20955
49
6076
7
480
2682
197
10853
128
3080
15063
355
17258
5310
801
146
480
46969
142
11883
22
49
2318
175
1801
24866
30
7
2045
5608
33
2167
2491
35440
23278
7
9777
238
18
181
2176
1267
246
16477
3338
1693
3
9
16477
73
11854
21
87
164
44
3
2699
325
13
265
9306
2479
328
354
3898
44
265
27
58257
8
14
29
7
12731
1072
3
33
8
14438
3
2614
15590
22
923
2957
54
8
79
10
6593
51936
3
23
17750
139
5056
42
1535
1467
5660
59
1679
4434
1336
2945
1336
2945
9
482
7
1076
169
119
1884
2967
3
1689
13
20437
250
3
2945
1677
11
1336
3083
178
2042
3
58258
40137
4493
451
13
7975
6117
2665
196
28989
28
36498
41
6569
674
3
2953
257
11
8889
3
529
4587
1452
161
415
8
9551
22
30126
895
35
2298
45219
415
22
4014
35
2298
37
4587
8
25520
3729
2187
3322
40
45
690
30
122
51
52
1773
8858
668
3
621
14094
39
9551
2814
445
20130
6602
8
444
11884
14334
1730
20130
6395
322
27
678
3
35
569
28
160
101
8019
1429
2150
12
8019
4034
38883
67
13575
21
8
4439
408
1397
32
78043
440
303
66575
50425
16955
55365
20043
23
42564
9837
26752
7380
3
5718
36
1524
19141
12
57327
18708
51192
2749
46
394
13204
376
3283
52
79
134
33
252
3
3990
22
669
14877
3
14586
7
45
2749
1761
18
768
104
1906
136
25174
3
5108
2653
13390
134
1225
7
85
3
413
18
1141
50
516
65
85
1066
274
30
47
534
542
89
3
2877
90
274
89
75
19943
10569
49011
10
807
13337
2933
25860
49012
12
467
267
23982
7245
8
7
49730
7079
3
553
71
1337
61407
352
33
223
20131
50
22
37
47
50
22
3468
8
14
4810
54
14
4810
3
185
36499
17414
223
28
8555
59298
20132
92717
3287
16325
800
32
361
3
599
74320
1185
3
2832
815
343
10327
4363
308
4578
58
10282
2726
971
1421
3
4578
70
777
799
22480
4578
5911
93
5122
173
152
2245
4966
3
291
144
308
4578
908
1050
1700
84604
349
5146
9459
378
285
99315
10
87216
348
226
9
940
341
24554
43091
308
3
591
241
326
2103
3
28555
589
258
87217
39
326
54
2103
19051
597
2060
632
19051
597
11801
1974
8
10678
95836
5518
1517
51937
95836
1527
92718
8
14
61408
363
3077
13
7594
3
3747
497
14
295
2408
12520
44
479
827
13
62592
60345
562
25175
5325
21411
23
9
5326
1590
3
63
10679
1933
23
9
16877
3
17621
180
44
1792
2982
47651
5519
152
1342
604
44
134
16738
1782
375
2830
795
31626
29667
6509
63
118
153
945
3041
4672
379
2508
2998
2644
180
259
30611
3
476
33
49
219
3017
32
93
1286
13931
246
3
2615
730
3
514
42
214
69441
13
54
1630
286
521
4168
3
256
1537
271
286
123
466
4836
84
12339
11
228
2913
206
932
50
10
45749
5253
2419
33
2567
3693
74321
968
8
14
29
1564
123
1214
311
5220
4015
2488
31372
311
14229
3
3458
1295
8413
66576
8
3
134
5449
49
3458
3
819
52
15779
528
15932
851
176
3458
3
1622
41063
41063
9
446
1916
1208
3
6370
95
1916
914
1934
69
594
2047
2166
3510
4606
152
805
1360
10
1271
3819
1452
12695
1001
9
7
42063
22
150
31
4058
22
96
18145
31
22
80014
28
5146
59299
5550
165
6136
315
408
15
51938
5313
8
13658
3656
22
2958
4534
1278
653
494
3656
52
13658
119
147
3
829
222
586
1738
3899
9376
7
2619
19220
225
997
72645
1019
351
93
7
92719
15484
2891
898
3899
9376
719
1606
6377
33306
7913
45750
6336
4319
10212
627
416
9
2886
340
3
2151
275
30
67
22
3472
1500
3
9326
60
653
87
9778
28
1104
41064
34
485
16878
40
530
30377
10
4673
30377
2301
7
481
219
11
1729
3
22363
74
213
43
22132
1830
2067
7
1308
6499
402
9050
1353
3
6349
92
414
7838
78044
3
453
10835
87218
8
1004
240
11701
247
8020
55
7032
12
5232
197
4740
2498
766
15
2351
17491
330
766
2351
17491
423
766
2351
17491
851
766
2351
17491
1580
766
2351
17491
95837
2384
46
1618
8276
27
36871
17038
92
1301
3
208
58259
38
7961
3
28347
2114
1656
8
14
29
19401
16879
162
295
13
28145
28348
1559
2408
970
162
211
11
437
3
43092
7675
8
14
29
9881
28990
28145
28348
10
5040
481
10
6128
77
1128
3
1082
25348
230
958
230
958
10
230
958
42
125
718
341
3040
89
3112
3556
7
1369
3
3112
18
25349
1140
876
3
9
5583
13
11642
82288
185
7148
157
1062
617
66
1260
102
39
8219
8331
36872
48
21662
57328
445
3878
2851
2592
3
10759
1545
1418
3
9
38
379
1819
3
73
293
9407
3
5462
1930
1033
914
3
3671
23
56
432
151
1649
112
10174
27725
7
6716
14685
1600
844
553
71
294
27535
2359
844
2274
45
1180
95
1016
3
1016
1346
3987
25350
25350
23423
24273
757
2106
16051
62
9049
1694
36
787
36
3
5057
61
679
10
182
6111
42
227
11
2360
3238
3
143
7
13
1170
2046
6426
396
3
3459
46970
7173
1885
7292
1170
2046
400
308
14395
5933
5469
61409
1702
573
17836
13768
2653
35441
126
14041
126
14041
126
8
4467
2749
46
22
1809
1902
1139
3
8653
21
9
22606
61
27935
6077
1232
87
12733
183
61
1743
134
352
821
380
821
380
414
15008
821
3
394
153
8369
3
506
821
380
12
9590
2070
3137
1317
9
3734
57329
1576
9
4291
1139
7
60346
3473
1053
18
3
543
22
2298
3
1576
285
14227
5455
4741
65212
7283
936
8
14
29
40138
52740
1152
12776
6500
48316
2199
80
18296
1241
3820
3980
36
6748
7045
61410
48316
597
1252
9263
310
9650
54
13826
15
885
1109
12776
1211
7121
40138
72
2027
1773
574
59300
34
2158
66577
1816
6267
82289
15485
54489
78045
1325
46
72
4059
25697
27726
9964
1326
64
177
9
298
32
2657
12
10939
3
168
223
1023
9
39
779
3
3694
60
1559
27
344
528
317
23
22
101
7293
43598
13
644
73
5801
3
177
2798
2133
67
21412
37644
2037
154
91
21412
459
812
34
1079
23
49
482
459
2835
4688
34
1371
55
10
19771
3309
105
236
23
49
654
19771
3309
16956
27
385
23
498
1079
49
15
1291
3
12450
9031
5856
2516
36
637
1307
34
116
380
101
4822
129
35
338
1751
18
23
15
767
380
40
2758
101
4822
1319
408
89851
6678
1140
23983
239
26753
45751
12157
3
7226
23
37645
78046
380
129
8
4938
2494
3
11979
52
109
595
3
180
70
11730
11321
43
3
43093
10
1485
12987
175
3
4429
3
43093
30127
78
11730
416
50
1030
7
1308
3
1485
52741
9
28146
2141
27536
3
160
27536
7
21663
3
2623
33
259
128
27
5188
53
15
23424
3954
125
82
3
152
22
349
11
178
856
105
3
144
330
895
56
8
696
43
8
22
15392
550
354
7976
1564
7
525
3
3444
4743
89852
99
895
72
28
8
7
20044
979
30
82290
43
8
8145
3
3971
1564
78
423
895
760
72
22
101
19495
895
31905
205
45752
76161
3
4804
1148
1133
11
117
502
9
21530
4741
4439
1397
3830
3
639
48
9616
310
1359
1231
80
821
35098
3
3830
22
17837
1898
1560
8332
3
319
3777
11
55
142
3166
1228
3
199
15
303
17415
148
48
975
42
50
22
665
2666
87219
33
3094
9
13205
3
11764
408
204
82
3
19944
6542
2711
3
6735
15
38
27140
104
2742
5327
4014
3
21785
8129
2742
3
6183
104
6137
1743
10
30
128
7
243
8129
168
717
18146
7033
18
8495
30378
7
682
32191
13483
15009
6099
27
13162
41577
27141
25698
53584
30
56
38063
109
18
347
11
7873
7246
7733
3
6543
36
52742
650
9
737
12065
252
3
239
108
924
108
7506
2345
12488
4878
313
59
1163
21
2291
39
2411
411
2345
12488
4878
313
59
1163
21
695
1836
929
18
929
9
13984
4540
35099
92
349
127
1581
1374
1105
92
349
58260
36
43599
35099
1358
26039
169
53
92
349
13
29
1358
17912
5063
53
92
349
92720
420
13
791
58
420
1279
4548
926
151
303
5344
17751
1221
10570
2033
3
14632
9
1187
59301
18554
19142
3
1597
22364
22364
9
1597
5991
2763
3
25861
9796
231
27
31627
27
1443
427
952
87220
2033
219
3
1597
22364
1065
15393
8
31
573
37259
3326
12
1089
10680
573
774
37259
23
4247
38064
12806
330
9712
13
5140
9712
8
8
13985
9666
701
25351
4961
4248
80015
1812
40139
8929
47
2043
60347
10213
3
9219
9986
1728
614
67970
87
22
414
7595
8
20438
72646
3328
18
3
72646
18
3
3050
5821
74
137
4994
10614
14780
122
82
7
1919
40140
450
131
207
3
1888
303
40573
1518
42
58
48
392
274
179
3157
1059
3
829
908
8
14
29
70
13128
3
40141
3037
288
228
1978
15325
67971
366
51939
3
897
507
494
406
2009
11
509
1651
3
4350
310
11
3014
3
13338
3
375
29422
1888
14878
63
12
3341
10972
6259
51
82291
34
33010
27
1467
1531
3926
16326
61411
78047
185
8385
55366
23007
20956
588
175
576
82292
60348
88
82292
37
7
2895
598
21
82292
710
71
278
2163
4894
8385
55366
3122
3
372
1056
52
82292
18
3
6183
6901
6901
10
28
82293
31105
92721
246
215
9
291
275
2540
174
18
990
5147
1374
2782
56353
3
2540
8
14
29
509
5869
16400
62
8688
4643
13254
36
810
32
1129
45
30612
483
365
22
414
23585
1794
87221
25862
1980
72647
22245
9
22887
71
3
121
10018
22245
45
1707
2480
1092
408
39
3778
4865
87222
42565
13
42565
60
891
114
23
9
84
919
3
121
3665
1781
27
45
71
72
92
8333
25862
13
69442
55367
834
170
4267
2327
82294
4019
13881
83
16551
92
5802
7676
3
36873
4253
14176
298
102
140
21
72
7
13289
2930
15832
3158
30
32
4842
966
722
45
9965
538
10
3849
951
122
51
52
269
1754
3453
273
3429
3
493
110
23
9
5297
33
6017
33011
3453
29200
886
3
84605
2855
110
49013
75
9
76162
3
6907
110
49013
3
3284
8130
10
26221
1729
7149
49014
18870
6163
10
21
3
2744
62
1017
11137
17416
4440
12308
703
42
9
6788
703
37
6788
703
47
42
9
703
8
14
29
338
208
21413
369
37646
14042
7
4342
36
4389
738
386
822
3190
3624
2075
9651
9244
165
15010
1873
129
13826
825
263
851
83
1019
456
52743
875
2499
3
3461
946
11
623
9
65
3537
61412
3
3461
8
446
29665
253
13711
9220
11
55
142
984
30
1709
45
1784
2791
7
514
3
71059
2789
286
2789
2535
22
101
1067
2789
7246
14094
3
2770
12
11180
1385
12
11180
3947
11180
10
18871
3947
27
7
3
5058
3
896
12
1282
9
38
294
28991
14396
39
1015
26388
35
190
1421
23586
928
1744
375
1744
2335
1974
1837
74
72
7591
5390
255
12196
3
1266
34788
206
4214
9
125
81
72648
3
14
29
142
61
973
3779
19591
31628
561
1038
31
40
522
1099
3364
79
3
64
7199
26938
73
6024
6603
3
16153
154
904
3
4182
17838
7633
5661
22481
163
7839
349
394
3045
36
9289
3045
7839
15
2695
25699
10
9813
1655
21
7
8
32
277
25352
8116
37
612
561
3256
32
33877
8
224
388
389
7
21
553
3
33878
3247
425
5002
213
21
16605
3
732
1668
506
42
285
21664
3
705
205
12046
507
952
2133
207
20439
616
3
538
81
1904
365
317
2866
69443
1688
825
507
3
33307
48
41
507
3
1280
9377
13659
11
651
811
708
32454
449
1513
29890
89853
3
477
57
811
101
749
66578
44649
94
33012
196
33
55
546
218
15011
17110
22
76
255
9378
3
1979
95838
8370
113
104
13
28147
3
42064
58
140
3193
4827
2124
881
4705
3019
6725
2148
4705
41578
69444
253
7567
30
218
907
192
135
25353
604
881
478
1342
8220
68
1146
2164
1305
20535
1305
34
21665
137
20440
56354
38
4121
2073
19143
7948
320
7343
74322
9264
4561
10615
2928
1071
11
37260
37
278
3
30128
47
5225
1533
2019
897
8221
4060
23984
229
367
5904
28
33879
4971
15
43600
613
82295
4616
236
697
3
13391
36500
2541
416
9
742
1294
616
3
862
2541
841
8859
18957
10
63923
632
3
9
1267
3540
11479
3511
8
4245
175
11
249
3
6409
7897
216
2786
1540
547
272
67
660
1498
3
7874
12
1552
5442
216
4036
111
28
8
14
57
737
723
660
3762
56355
11731
261
13
34494
872
3929
1498
3
7874
3250
92
349
1844
2457
142
233
27142
384
20734
2277
384
87223
12660
2277
384
12660
2277
377
4473
25354
100
7
20133
3741
3
441
137
56
5594
10
1461
526
35800
3
2131
886
11
21
3
6873
1361
6679
28
8
14
4369
5934
5222
7898
21
22
23840
1196
76
3041
3040
447
1030
25354
3
212
3292
87
7
5376
10283
21
12
345
433
3
22246
3277
87
7
52744
7605
280
8386
49015
1256
5751
53
14587
6058
48
49731
209
3262
12734
12
76163
84
13160
84
9265
3
86
23
9
134
33
12661
2196
331
3
86
2144
1386
15
18555
180
4383
1472
584
312
5621
68
44650
34
134
1233
3
16880
127
74323
422
443
27143
443
11607
29891
2244
5269
34
147
3
8782
23
42
95
12734
12273
30841
30
268
1765
1143
3
1002
8859
145
763
2959
5298
1765
3
145
136
9
495
930
19052
1691
1981
3
208
1758
27936
3864
10
9
298
5355
3
38457
15992
590
7
15
618
7852
3794
3
23980
33
1191
7
98
23980
3
89854
30842
3795
33
11608
42
9
92
10
3
6184
1974
8
8
5456
10972
76164
60349
19053
92722
2077
2446
4972
1785
43
43094
11027
521
1298
4232
1743
134
2459
9147
237
1276
236
79
7
8766
791
4362
3
20045
602
15
2449
823
283
141
823
479
1041
369
3
2995
39709
7
8
54
8
158
21083
224
1125
310
27
1775
1707
310
11
21084
28
8
87
114
214
64
71060
4159
27727
20244
29892
1558
50426
2080
3168
12
64
1066
78048
194
8
1069
14918
3168
547
3586
128
114
214
23985
3168
3
27728
74
71061
45220
51
46366
60
1892
75
7328
2347
642
1948
277
3
35
1998
28556
819
69445
3
10019
18297
23
67
8421
7132
5609
99316
3
5752
48
773
5752
219
3
2657
1504
421
397
874
33
3
224
939
570
3
453
214
38
15215
1156
38
422
417
13
38
298
4649
3
8812
5383
511
24867
92
3004
54
7
644
266
3
2650
227
535
190
3
1065
143
4118
340
1496
43
266
3
3555
179
257
197
1246
82
87
7
62
291
393
135
80016
175
30
7
80017
16606
3
5776
74324
13660
28
3666
493
62
2427
4630
13484
28
8
14
29
13712
31
162
1540
1054
21921
1540
9
82296
794
1482
2152
7990
887
37647
709
2152
40142
16805
38065
41065
25521
41579
2728
887
2728
33880
13621
20046
23710
14439
305
57330
8839
933
7245
10779
6129
30843
18709
18710
37648
5565
887
5565
33013
12309
57331
26040
7646
887
7646
269
52745
49016
72649
14291
56356
41066
34495
28349
22247
46367
36501
67972
45753
14633
45221
21786
19320
2439
4866
2992
2152
1447
3730
360
23841
193
1363
38066
8
21531
561
1016
736
10760
34196
604
7237
30
57
18147
17259
3
1116
30
131
1116
4973
21
560
9
540
29893
6447
4190
1258
8
3926
8
129
7
43601
56357
808
449
3549
60350
694
72650
142
5254
23
4554
23
229
35
23
258
486
2746
727
9
1560
486
2746
3
2023
93
207
169
10
3221
207
319
10
2165
2071
59
50
25522
2546
117
42566
7
227
1366
3948
82297
1193
100
156
1259
3
1628
78
44
781
10910
2111
78049
2111
49017
761
8
99317
330
582
6127
198
3
28557
9
121
34789
239
44
1422
87
564
202
5879
69446
665
1129
1935
10
2023
2676
23
15
560
12197
2975
17839
27
81
7
14729
15
47652
3441
5109
10616
80
38884
3
9
78050
1817
82
114
23
9
14729
3
1293
110
8
14
29
7
91
3
8422
33
831
11
91
3
9939
15993
438
12
9
74325
3
65213
657
461
13986
3
14686
2801
40143
36
2801
9987
3
9326
7
8
1522
28
230
363
5654
7
61
36
687
363
7
1084
8162
7
16478
611
131
11
959
1053
80
69
3464
837
3
9351
1361
17492
31
612
91
1188
11
334
1002
4430
617
346
3095
6078
103
351
5010
62593
676
80018
10
32
735
13448
3090
68
1978
36
3433
367
227
14095
3
1790
107
42
289
11
1944
1312
699
3210
3
455
8
412
3
55368
1195
424
225
1354
2020
13
23986
181
13
88
413
421
1870
163
1141
199
32
673
434
46
3
4113
38458
81
2666
18148
46971
17681
334
3
1740
9
142
13932
21922
3
66579
9
858
41
1060
12696
3
3555
27
240
3
8
14
29
10940
10096
8
1365
108
10096
3197
4783
366
13
883
2494
3
7734
4494
23
7
79
57
1455
30
7
21085
10096
3
4995
3582
11
54490
36
1858
502
169
182
663
171
11
3104
37
1125
143
45
1845
406
182
48317
9009
43602
1406
22
55369
99318
9838
4174
154
119
10372
14824
2530
12
67973
33
84
147
3
3262
294
3
118
2585
1637
1402
1669
1701
7
1541
254
51193
626
214
462
5148
3096
46368
13
18958
3096
21
7
8
2590
11
31629
30844
969
372
11
460
16607
2536
86
38459
71062
3316
87
46972
140
62594
6437
12009
1822
45753
78051
74326
8
20844
78051
1135
30845
17913
3
629
141
328
11
335
6735
1183
4024
40
82
24555
225
1354
11
1791
181
789
867
5986
902
126
23
131
11
2698
10
3173
3
631
9010
60351
9010
60351
757
9010
1444
60351
9010
60351
9
60351
3
45222
84606
267
8654
12310
56
1240
106
1521
3737
9839
219
6148
176
1524
615
3
10020
21666
2039
30379
12
19856
167
560
10780
1828
11028
36
899
274
3
640
899
640
69
6554
715
348
1774
36
56358
34
1391
13
3
66
1089
2302
1217
1757
634
3940
129
936
6501
129
936
5172
6623
3
2845
1402
833
1191
147
845
14919
237
7
4424
119
379
69447
8
14
5158
4636
1749
2758
23130
450
31
9797
4247
52746
903
903
3743
13827
8251
732
1108
3743
44
312
1342
69448
3743
30846
44
2517
1342
6509
3743
2966
30129
6502
1015
572
560
7
513
3
7677
29
84
802
943
27
7
2960
29
694
2433
943
13987
12
3
2703
10645
6778
8
7
64
162
412
8
14
400
411
5576
39
47653
7647
8827
69449
423
83
18799
1933
1047
1375
9
252
3
71063
1451
1375
9221
237
415
46973
7596
8252
5702
3018
15327
30
15
7200
3
44
3850
10
291
135
36
12988
1947
9798
69
44
20957
22482
1799
691
560
7
1821
111
57
938
45754
9865
1550
585
3
12274
250
18629
12
1560
304
23008
28
14
29
162
1406
8
14
15780
4890
95839
14548
7154
37
367
2919
17989
1304
166
3
5520
2579
102
467
119
23
15
127
8793
8
651
1525
873
2411
32
373
154
62
52
38
459
1038
410
1784
3
86
1366
136
651
316
154
62
2501
1784
456
3
579
12
298
47
5396
3
579
651
504
62
1733
3
1154
462
342
47
171
316
578
8
14
29
2071
4996
3267
748
3
42
5713
4583
3
1440
6646
413
20735
2352
1593
7
27537
2091
25863
6285
632
3090
185
1224
30380
3
10836
7369
36
18149
8235
2192
1019
447
1456
7
3
329
328
8704
1022
137
78052
10532
81
4733
1629
20134
184
13206
11
10
69450
4691
92723
410
14730
3
3986
340
692
7597
3
8222
49732
1461
9148
138
62
224
696
29668
1000
1170
41
7709
1336
63924
5668
497
7
61
33014
12660
1528
497
4393
18
347
66580
3
966
7
61
6198
9
6067
4842
3
966
15539
1067
7034
7
61
6198
18711
497
4343
23
9
3624
4842
3
476
15539
7
136
53
9
3624
108
228
3
15110
88
7959
6047
69
25523
38460
43095
10
88
1809
1658
2546
3
7959
74
3111
2708
16608
122
491
50
12
392
32192
10281
823
115
6798
3113
53
52
3650
2559
8619
3
166
646
29669
214
18215
331
3
2509
3
55370
214
3158
10
899
8021
3
2321
5732
7
105
3
1101
46
9222
3
1498
26754
45223
115
3
1498
168
9222
77
7507
4715
13163
36
42567
34
3
441
2894
221
3
77
1821
51194
12
14230
35442
32
4894
337
35
202
2117
124
188
10
313
1396
188
3524
64
268
26569
236
9
19857
64
35100
5551
10941
40144
175
540
31106
24710
38
12240
7035
1106
749
2250
7677
30381
1545
370
8636
1899
74327
2019
51
10942
104
142
25176
20042
36
622
1924
29670
3
21188
6820
29670
51
755
14549
208
48318
8
7962
581
31
596
690
474
1856
39
644
372
3
9901
329
162
318
30130
4146
175
540
64
1680
59302
117
3587
30130
3960
22
337
54
66
78
1303
16327
81
66
3657
720
8
2154
135
273
272
43
8
64
2919
8
55371
1564
7
66
5299
129
5211
3
9499
161
31
27325
447
1424
56
104
1547
58
3
794
18
6438
11
1031
1781
30
262
7122
11
74
3
417
125
41
107
2380
1162
3
917
3
8082
847
1547
5450
150
780
255
458
417
3
1547
255
585
3
5470
5082
969
240
11
25700
1749
3
601
25700
1749
601
3
240
1293
350
356
57
1496
43
21414
13
5470
5082
158
40145
3
1420
7
44
3
265
1697
2311
20343
42065
10617
3317
2563
26389
34
875
18
32737
47
41
21
15
186
176
3
1575
76
21
9
38
44651
14335
3
2118
3087
1016
2427
4630
13484
28
8
14
29
3197
9
541
108
747
2427
13484
8
2712
73
3156
6653
301
722
11138
187
8
14
29
1435
11350
16739
11351
1995
420
5566
126
7693
1293
350
44
16740
211
6952
329
7
163
3
2042
490
18
2711
2042
9
452
841
3
2042
8
8062
15433
83
849
15591
125
153
3492
12
605
6570
135
15591
125
99
3492
28
8
8
49018
1922
903
3
1935
77
11
157
2405
36
2980
165
1223
84607
472
9759
1238
1742
32455
491
3176
21
3408
79
9223
12
1093
21
47
76165
124
3436
13290
1093
8042
367
3436
1093
23
8
1058
20135
46
3
964
789
482
3
964
58
1912
2502
660
206
519
49
7
987
3
3040
2389
1000
27
23
1496
43
125
1112
363
3
9484
156
93
1166
16609
964
167
243
2405
742
308
2636
6286
49019
307
82
259
729
366
78
24868
6548
2708
19592
18630
1343
48
1272
2189
2226
3814
227
3553
1490
992
38461
8004
34
4308
706
6371
19945
522
15328
8514
3
9
2960
668
8
54
8
1984
7
122
28558
3015
113
3
192
1761
21
7105
137
11451
5328
1473
15163
30
41
14
25177
4751
15
4410
1496
645
8253
325
60352
240
1178
1288
1667
23
521
22
76
9
20958
28
43
158
55
50
22
4935
43
88
43
1821
127
5942
42
489
175
504
5324
862
32
2246
234
3
1604
3670
638
526
6519
526
73
1110
4253
8986
747
73
152
12123
747
3462
152
12123
747
44
152
155
69451
526
263
1110
2949
380
526
3462
2949
380
12451
2187
46369
18
100
464
15
39
13485
13828
51
475
39285
18
7344
7949
2439
1619
3
2559
340
521
382
15164
81
3557
8458
3
14781
121
6961
23
170
7634
3
2223
43096
9733
1165
17682
3198
23425
11
30
17682
991
10943
103
80019
3
1087
27
40146
7
5456
37261
16100
3
26390
50
10781
550
89855
55
991
1757
1251
62595
288
22
7531
566
39710
4934
3
1757
76166
458
644
3
379
1542
12489
8352
3
1385
9
25861
13769
23
9
12489
63
3
224
22483
33308
18
13661
3
867
1329
359
3139
3
14231
662
3
1033
1203
930
3
662
42
156
11139
2759
2470
60353
3466
59303
6117
5127
131
11
8
1999
23
7
27144
1045
1999
18
22
1554
206
5255
7606
22888
63925
37
72651
2732
77
142
57
21
534
41
13486
3
7710
1973
8435
760
504
137
4980
6902
8236
27
7
10531
508
45755
7093
6902
930
3
1918
80
115
76167
3074
167
202
136
1160
173
136
202
3504
563
3
265
82
22
438
297
76167
61
515
2366
35801
76
8
9
13526
3
1005
116
486
1002
4222
192
3
611
1638
3
628
8
87224
52
24869
3
2923
964
1372
31
13033
555
10
182
586
555
32738
4652
215
123
2312
44652
473
3
1826
1431
1651
279
31
45
11732
1206
40
960
5307
80020
19496
604
3
4867
36
1637
11079
605
3400
20441
8655
6260
36
33590
1462
2708
39711
13
88
33881
3
1723
655
7
4379
33
15
2266
1319
260
45756
196
7
33
42
6287
5003
1673
30131
56
8
257
17990
135
513
42
49
551
6798
265
1876
32
871
6798
17990
135
1741
3
1401
84
770
3
9
27538
33
1574
3
66581
36502
808
8
3324
20136
17752
15781
2468
60354
12
45224
14043
9
14
72652
13
20136
12275
6635
8910
8204
7
2695
8738
18
84
770
3
40574
56359
9
10
1196
112
3566
16881
72653
27326
27
7
1068
8738
18
84
770
3
53
9
61413
72653
27326
8
790
7
5482
9201
18
2919
1211
1492
11
82298
3
15711
87225
13339
16214
3
4637
93
24870
4583
93
19593
51940
3
1716
6749
201
11452
25346
49733
3
3737
6909
10
93
83
3
31
42568
117
5605
9
64
10503
3
14731
10503
7
5605
20047
2924
306
147
3
456
3
23279
50
2839
43
595
18
1197
122
17683
51941
947
2406
78053
10
2128
8
182
3129
10
370
34197
72654
3225
9
417
4607
179
3
1293
272
132
7133
140
4765
3
118
13
4215
40
8063
13
237
556
28
1501
1954
3219
7254
1119
590
28
6358
13207
82299
3
601
21787
7094
7304
25524
74328
87226
44117
12
10477
2856
76168
25178
42
50
9051
72655
65
147
1953
2763
18959
75
47
13
92
89856
2296
4043
69
24405
17320
3083
2930
24405
4287
11352
29671
11204
124
73
1500
961
15165
945
2086
146
33309
89857
134
1047
13
44
6410
4742
34
1940
10
6297
444
2547
4784
13713
46
3
5498
16052
36
34
8667
49734
71064
5608
7
875
11885
2347
1123
6337
37
15111
46
67974
3
22031
2102
270
9032
1747
8667
129
6068
694
2281
3
3949
221
482
24868
49
288
564
1853
3
221
2340
42569
3945
10
203
14727
242
69452
67
366
8
14
29
6488
43
469
18
55372
2247
30613
8
173
99319
606
78054
830
95
25018
936
3052
3
1062
2190
621
2863
3
1062
2190
1815
9686
1806
3639
605
10
49735
5822
460
12
621
148
8
14
29
32193
766
45757
1986
277
7
8637
46974
6799
9050
5159
2190
636
63926
91
67975
20736
34496
23842
15434
3
42570
57332
30380
6014
968
9165
40
45
6834
1197
5751
8205
2814
4083
11
56
8
43
565
7484
425
2328
718
3
115
147
1933
140
72
22
9686
4425
8
14
29
53585
7
89858
852
13662
4265
3
1558
33310
6589
18
13291
2862
9
3900
201
665
3886
10
5292
3
2602
3
374
1406
16604
75
7
103
3
6439
18
2511
12735
4706
1814
8668
3499
1004
39712
6526
21788
87227
92724
24711
333
67976
209
1250
183
4384
209
1250
1767
255
45
183
1288
38885
45
152
455
23
15
45
6460
1708
455
9290
78
16609
21415
20137
32194
6874
8556
34198
617
228
139
7
1821
12989
3
2474
72
175
11
146
78
18631
102
1467
61414
45
1293
23
170
19402
3
3020
74329
3
4994
69453
22607
3017
22248
3
16957
22
22032
5391
3354
3
6031
44653
75
9
5478
187
607
36
312
10328
3
13829
16552
112
3975
20959
3
2640
1861
36
3
18382
6999
170
11802
28
69453
886
4147
32456
82300
36
5518
23280
75
87
28
4997
13829
7
7106
96
3291
2468
5036
191
422
15
22747
10
5101
1777
7020
27
2765
16154
9
1056
3
7020
189
738
890
24556
3821
16154
659
1024
1471
4950
33015
532
2520
847
45
118
364
42
10
2520
3
40575
3963
26755
3
128
41
127
1128
3
644
265
542
257
11
466
83
3
48319
112
538
542
28148
4191
11916
691
107
2925
9576
11
303
624
3
27327
76
55
9
41
5626
1690
3
3780
10
23987
3837
70
21
5149
49
22
17112
43
61
20960
3511
8
14
29
262
66582
99
2875
7
209
3787
1289
770
114
23
9
770
3
2847
2875
8
14
29
1042
14970
18
6002
1321
1315
3810
14177
1012
4395
11026
237
38067
318
8005
8
126
8005
8
4323
14044
54
8
4323
31107
9
64
3
8
126
110
191
3
9
94
362
8
43
8
4886
185
6314
15
1945
27328
10
17493
7
41580
124
43
2345
3445
385
427
1948
335
17493
232
35802
27328
320
25355
8
61
2834
1004
125
3
1069
11
13882
2547
145
3
2547
1663
114
1069
11
61
59304
1686
12311
7
428
33
199
9
191
382
7458
15651
423
229
384
315
47
34497
43
3299
1193
3
3368
12198
25179
2057
753
84608
78
21
309
282
353
286
82
9
38
374
1647
641
13622
86
511
4895
86
2471
2803
44
6185
37
3014
184
2029
7568
5244
10457
5438
791
3
3532
288
2612
43603
66583
34498
27
1525
3921
23587
3
89859
16401
1582
31630
1832
3532
3
5345
1914
95840
59
43097
4441
13340
67977
30
337
35
5812
247
1582
16806
346
3
1936
30847
81
3503
1320
42571
10911
7
135
144
1349
264
5212
192
221
8
14
282
11
3981
9840
28
8
17417
8
14
282
3177
1170
39713
56
28149
918
3
108
7255
2044
11
26041
13
99320
1143
348
2901
5777
89860
722
31
2081
43
5703
829
680
60
1457
3
663
366
48
555
25701
732
52
555
4549
5165
7
1767
380
371
555
4549
83
197
33882
180
342
11559
118
302
93
19593
3
9814
10
4201
3
4583
10124
201
25180
1001
94
3
4583
201
13
354
105
8
912
12
71065
1752
503
145
8534
3870
145
10
29423
3
434
114
100
3870
9687
3
436
24557
215
145
141
214
466
102
4313
951
590
30
13
127
9166
3442
448
412
5767
590
3
413
160
11353
72
15
34
258
2530
25019
3
20961
10
11765
3
82301
4312
323
82302
99321
39714
3007
5178
15329
5178
15329
12124
10305
14045
14782
920
31
22
4734
1377
8
14
4595
1267
13
209
2412
9266
1492
11
38068
62596
23131
830
13292
1515
2903
3241
337
2423
3
2503
76
265
17753
125
2405
359
3063
61415
3
515
53
16402
137
397
922
435
7950
4851
1407
1113
85
4851
1984
2024
3
353
1721
4405
279
25525
14
29
1298
389
3644
1922
7
19144
2562
700
3667
67978
580
1298
3
12573
525
1874
84609
3128
1464
389
21667
3644
5041
8962
3
12573
103
53
7410
2712
8496
2007
3
25181
13
17418
1602
1298
3
2474
6497
13933
76
6025
791
2630
5803
1922
4860
56360
51942
27329
28
119
663
11953
16214
3235
302
84610
84611
3
3105
43604
6025
865
23843
2836
6025
8721
6025
142
8721
5803
661
22365
80
3876
78055
287
209
25702
111
9
79
134
33
84
2606
3
25702
420
3876
78055
3148
45758
6646
80
45758
2739
43
3178
37
612
22
14879
20344
43
11
606
42
22608
11766
31
22
2191
5777
20536
61
1047
6680
153
3651
237
327
7
59305
704
1224
31631
3
2220
56361
12312
4271
26939
750
2468
10021
6587
42
12158
29201
72
117
1762
6329
17039
181
9460
12312
857
59
1179
9461
278
74
15112
31906
15064
32
12312
38
69454
44118
9879
7
3227
96
13883
724
31
2139
895
13
4653
3
29202
27
13034
3293
25526
659
56362
31
7
5524
20628
82303
25527
834
53586
7237
532
647
746
94
49020
1461
1334
193
857
623
9
7237
1124
3424
4596
2552
5052
2511
53
191
573
19221
3474
461
609
37262
5595
53
12
17991
317
3266
1927
29199
17554
573
19221
80021
9
134
33
84
2161
3
366
698
3437
3084
48
3210
1303
8
14
29
326
47654
2354
2321
28
22366
1490
3228
13623
31
44
1841
5714
4480
2354
2321
27330
2576
44
392
80022
471
20962
2321
92725
7594
527
348
1841
13
7885
2321
5992
176
42066
28
160
114
128
2321
3368
2354
10
8131
4919
34
242
2279
76
10125
13
7256
1309
42
9
29672
11510
3
35443
31
4060
3
35443
41
828
3
35443
506
9
1501
47655
170
1163
35
1115
31108
13208
112
37263
9
77
2837
13
3091
623
991
4066
3
35443
123
22
3908
2279
76
7227
9
29672
1259
3
149
723
84
3526
3
35443
9
18
10258
518
3
70
21
3
38069
331
21
23
4891
1565
3
553
510
173
1151
3
758
631
107
629
1209
9
7
33311
3
3405
71
40
345
7
361
3
15166
68
5173
11643
663
7
107
2355
71
227
266
3
1462
710
84612
107
274
22
590
28
9988
31907
11767
68
397
304
18
3
88
254
225
2973
87
211
8206
3
153
1081
966
55373
13
63
1533
3
34199
966
908
225
2973
41
2143
17260
48
384
1533
55373
13
83
103
277
3
7
8
14
29
2299
1046
7
269
84613
4967
42572
34790
13
13884
8964
34
3
249
1509
7532
1281
12
8318
44654
305
7236
4059
3
2926
8
1365
1509
44654
8
1365
1509
4649
44654
8
13
7355
7080
3156
5912
7355
3156
5912
10
7355
266
301
23588
2926
639
323
1509
7532
32739
7
805
18
703
3
32739
9
39
23132
18
1080
655
60
156
210
3
148
703
1667
3
1429
112
3988
13209
4568
410
13209
4568
29203
3
4811
23
9
4195
5552
28992
12
1265
9077
607
13988
5662
39
8
14
1755
2071
28
9077
607
1275
1244
12407
71
1407
33016
1244
39
8
54
565
343
3
6698
4147
16270
1244
96
30
80023
79
1212
96
1472
8656
3
43605
339
141
11181
3
1630
4147
11886
80024
7
397
3
3002
6797
30848
14232
7754
2497
1014
18
259
82
3
570
11290
489
3
9
7815
1443
3010
3
605
3945
3
1002
155
9534
1678
3
59306
2791
11
313
14397
7914
49736
2112
3
39715
10
28150
7991
33017
6529
9112
21789
1286
373
1362
15435
76
698
7
6875
206
41581
449
15216
340
102
217
160
1335
8
7433
2216
6186
1698
4467
1337
1127
238
1337
1127
238
23
258
1127
238
9
8
8
171
7
1578
13
1035
7313
949
589
16053
2170
89861
3338
10097
5372
2741
1722
2119
2458
158
3
238
415
9011
98
146
3
2621
9
58
1556
3583
746
94
89
175
11
1678
3583
313
50
960
3
428
156
2671
93
1263
3
703
2696
28993
3
38
10149
8
56363
135
13
1069
28
8
3
643
792
56363
1539
301
639
3647
11
56363
135
3
436
593
342
89
6187
19858
18
13663
13
4851
942
196
38462
7
178
3903
13989
46
379
210
56
38886
4309
43
13421
3
4249
43
11
19145
25182
2936
162
116
79
3
1541
816
1620
470
8860
16553
8945
1962
12
4707
12159
12452
2423
200
1036
222
272
43
2053
7199
35
60
324
3040
31
230
89862
562
5314
246
49737
166
89
298
962
75
56
6118
18
3
7840
1467
746
975
39
670
2315
2523
246
3
20845
2024
70
910
3
1854
27
3194
3976
7
31632
3607
3
8987
979
2755
18
2473
1004
2976
37
45
764
11
1004
7
61
21532
23426
2434
8
18
6288
1076
2755
3
755
641
26391
20737
9
404
3421
4277
71066
3
139
21
416
13
10504
3
127
524
491
410
373
824
30
7
445
185
41
2624
1778
3396
58261
1227
9
31
28994
1227
3
851
6461
7711
12
34499
3
972
2790
200
858
797
4331
3
201
932
2372
7
1556
46
196
156
785
13
49738
8371
2067
19772
2145
98
17113
4539
711
1851
3
6420
76169
233
22133
3
8334
385
102
2050
3
58262
9
120
1521
230
3751
3
157
53
4597
9407
757
2565
623
21790
437
28
8
131
610
3690
17114
7799
1013
1429
598
33
3
45215
2558
3150
56364
3401
84614
7
5278
3
5437
2729
581
31
31
2190
37
107
454
3
7
4468
319
15277
43
38
39
31633
1538
7
311
174
8946
31
74
223
2061
23
170
74
3
23589
74330
27
294
18298
15
136
9379
10
3438
1011
20138
13
17840
5471
87228
3
212
88
15
182
66584
11702
3
4529
18
3
92726
8
2571
6665
432
3
31109
16101
3
14336
8
68
3
21668
15217
8
8
5450
42573
10782
4266
58263
10
23844
3
8254
382
347
11158
2755
28
8
51195
46
2710
181
518
15782
995
46975
2221
1931
8351
15782
631
62
2221
335
32
5074
1323
72656
12736
160
2755
719
1855
2471
3
31908
17115
14971
689
968
271
2661
626
10910
10
386
419
7
44
11159
33
67979
13
19678
30
1398
2019
897
10944
429
2313
315
12
2414
7314
36503
51
1869
78
7
900
1086
12
142
3
9865
96
313
1563
3
9429
7
35803
108
74331
18960
728
1505
11
430
1056
3
6976
10973
924
149
1569
44655
3
6910
1787
1516
481
22
4406
8
29894
22
3380
1227
11384
24406
1106
2542
738
12
17555
330
35
660
19679
3
308
199
660
330
34790
308
10
21669
308
63
403
883
36
870
670
139
23
170
7
98
1084
18
62597
1464
3
1113
11
6624
262
3
40
1348
330
3
7537
84615
7
8930
700
467
65
333
2216
56
126
10096
2142
3
2921
9
28
46
378
4487
403
883
204
238
3
321
6555
6604
3
441
4998
6024
869
489
175
1896
3
7569
90
459
64
360
3
605
11480
7816
50
354
700
112
1267
3071
3
2410
3
230
432
352
278
302
11
13077
1710
38070
4364
1851
10
25356
9
1501
3103
9
9149
3
30
125
11
42574
470
172
3442
416
309
223
3977
23009
99
102
479
1247
15
38
394
3
662
68
107
11644
3
22
2081
43
476
94
36154
1037
716
3
4626
27331
159
223
282
707
5131
27
57
1098
192
221
206
602
645
7899
68
8372
181
41
60355
77
518
118
10
1253
1987
4007
137
11
8
169
7
18632
475
126
613
11
1987
60355
905
28
8
14
29
162
19773
37
40147
325
592
3
49739
5330
1372
551
334
966
142
10732
8705
40147
92
264
38463
38463
142
10732
92
347
16328
3
1635
277
5330
10974
346
13129
277
5330
2966
34
53
59307
58264
173
33018
135
3
4195
65214
3426
3
922
824
9052
1060
7
8
3444
29424
94
220
11
2266
3
1423
127
329
11385
10
344
329
11385
3
4000
337
2624
306
9
61
3
2624
271
42
6069
217
9052
1060
8
14
29
5883
108
3636
23
211
7635
549
903
30
39
530
2757
108
87229
20139
843
6756
11
56365
1952
56
24274
7294
82304
12010
3
31110
366
4872
1293
167
19317
3
629
566
45225
1557
7
3266
198
1178
46
60
890
3
632
10
1018
20629
231
3
366
113
225
58
3050
48
451
58
316
4569
763
2806
366
2623
11954
760
23
113
9
70
6059
25703
289
569
28
40
3927
12160
119
2475
55
5427
40
47
890
7411
38
23281
81
310
87230
483
40576
806
464
484
7712
40577
23
170
10
78
293
930
26042
43098
9
807
3
52747
2020
3
452
1566
16054
1209
9
4422
2020
56
6647
2816
89863
58265
6647
3
2941
92727
57333
3
934
23
962
13130
49021
643
7
48320
1248
2091
1721
55374
46
12
469
409
9734
9
249
3
6301
51
390
6549
51
390
10098
60356
10
10854
51
390
3838
99
462
4598
62598
3
906
7931
10387
3975
72657
3975
72657
9
62
3
59308
477
2035
62
6850
108
3131
187
2246
2078
28
8
14
29
1321
10813
63
1358
1198
2217
706
1655
12
4722
194
8
13341
187
2246
2078
3425
189
40
203
8333
12
36
178
4334
189
767
8414
21791
59308
477
12
3975
4722
1503
5969
891
11
120
176
376
98
1710
3
210
354
9
79
64
177
3
177
894
39
81
5179
33019
1623
25864
46
72
15
3986
1967
35
36155
41067
1582
37264
254
53
15
36156
9327
629
28350
34
1723
10
36504
1723
570
28
605
230
10
2717
670
80
36504
1723
12
1440
5384
293
8739
273
5835
1674
1331
23
276
213
88
237
595
194
8
257
55
1331
9
2518
35444
10814
913
3
1907
75
9
61
1066
681
83
395
437
2518
5648
194
8
89864
547
3
1907
968
8
5648
913
4183
43
61416
1331
8
551
61
1066
681
83
395
1130
68
8
2892
8
1182
10
8
60357
1182
3
320
1436
21792
18961
3
1716
753
718
646
1754
77
3162
1094
237
945
258
83
15485
242
8
7
2998
7046
1127
290
3
76170
86
431
11481
1342
613
21793
1349
77
11481
3
2452
159
50427
3
58266
63
1098
377
254
3
221
842
177
3
89
535
2599
379
82305
2558
123
1894
726
1115
7201
3
118
156
15218
93
3111
3
3842
5311
9989
198
1159
9
4162
3850
26756
71067
3
14439
896
13885
9989
7841
117
95
66
887
1127
27
1855
9
751
26756
13
27332
26756
291
1933
3478
3
7554
35804
51196
560
7
15065
3316
43
6350
565
117
12912
15881
27
13
3276
2665
20738
540
7584
15652
6988
136
1154
21670
2327
7305
76171
277
1211
18299
211
883
3
136
7992
111
7900
7494
14920
675
10
65
6516
2157
61417
725
99322
8
2831
3587
67980
38464
12
4114
604
13886
39286
7666
28
8
370
49740
1840
44119
1006
8
6888
28351
33
162
370
7356
413
3
6226
3
9
336
369
47
519
183
477
165
30614
1671
707
173
525
7
8
2874
8
14
29
1492
3
20140
830
15711
66
10
35445
226
22
1785
43
11
4182
3
1242
71
402
11
8
3380
8
3595
19146
80025
382
630
1021
3
2324
7
1188
11
1109
3
16479
94
211
161
449
7597
3
238
339
2759
166
379
988
11
10571
2501
4519
260
184
15
303
35
2055
98
782
200
1638
21
101
1292
185
1349
1777
11
46976
59309
1503
10
35101
30
1423
82306
34
406
2367
10
88
3
3236
15
562
1470
104
3278
591
58
6060
14233
7
8
9033
52748
8911
139
22
7123
9
945
33
2278
3
619
280
76172
45
5331
13664
8657
2471
42
833
4555
11
7
195
362
458
28
360
3
1593
183
99
195
1505
18800
3
4688
1348
11917
869
12
1815
407
35805
844
3
4271
11917
844
16882
26757
7
55
5279
21
1496
43
11
64
3
26758
30
2537
7036
353
206
21
23
9576
21
3
3
3822
672
55
991
633
606
2267
3
1819
313
43
271
100
2655
165
3305
3
1496
1507
75
70
49741
89865
30
67
28151
1142
275
18
3
80
121
27
4157
3
5356
75
123
29895
10881
122
313
1688
116
82
13
1142
2267
427
122
82
3
1036
47
841
42573
10782
2930
43
33591
1074
94
568
33591
60
1322
3
200
1887
170
21
60
150
3
1716
206
15833
200
1887
3
552
1395
233
1716
1528
303
8
14
29
6015
258
1013
43
61
9990
1061
637
3
1031
12066
247
637
736
32195
9
15436
3
3
2343
727
9
7
30849
483
254
227
405
1893
7648
812
964
3
2374
13665
1906
1553
9
32
66
12
439
32
14687
490
891
16741
3
1906
748
11160
36505
3166
80026
356
13
66
1672
177
155
158
3
25528
1881
107
601
834
30
346
2479
6687
4099
1615
3
1056
455
1688
1796
172
1810
80027
35
3541
2025
92
2112
14137
966
819
89866
12662
806
12737
27726
11609
6681
80028
37
907
66
46977
12372
568
95841
23845
31373
3904
27333
30
47
569
258
268
27334
315
95841
12
194
374
39
65215
95841
35806
315
28152
25357
61
12777
803
61
12777
803
558
133
28
8
14
29
1180
95
61
16680
44656
133
5457
12
714
541
205
5987
48
88
392
9634
60
854
3
1807
30
3563
7105
14337
22748
3
3694
167
14337
12777
392
1082
13
1079
68
6396
807
392
3
394
3
1956
10
2009
307
82
3
84616
427
3689
1248
20963
32
138
150
3
99323
80029
78056
92728
12
436
302
46370
92729
57334
17040
3257
4979
36
34
26759
23282
77
3713
9
2371
95842
5152
71
9430
78
91
52
19222
3
4576
576
5891
8
43
2891
2071
21
15933
284
3
920
235
7162
30
817
1783
247
877
91
5660
2612
18556
5884
204
2747
8931
9184
3
9535
8794
521
25358
55
1031
3
5955
157
2495
21
41
7412
2160
3021
3
7368
641
7412
3797
7
18300
10
34500
15592
711
103
3
2160
720
21533
273
12663
3
1181
100
69
31909
68
21304
10
42575
34
61418
537
8
53587
133
10783
2435
41
61
549
11511
133
3
1077
111
77
35446
892
194
1608
547
54
8
14
28153
2247
591
1569
2739
46
1648
119
1472
6556
2563
836
82307
2827
573
231
10733
13
88
17494
49
226
469
21416
226
9012
10734
15
1896
105
3311
2247
10733
216
75
15
458
256
2053
4735
2484
8188
894
10234
32
42067
440
3
5341
232
194
38465
3315
50428
7081
11768
1179
26222
19774
3323
798
2484
50428
7081
7381
9535
939
7
1522
78
280
248
7238
53
1277
46371
15
146
3235
125
1301
46371
32
4055
7238
10478
26392
3
63927
311
8
57
19946
7
21794
787
3744
1300
51
33312
32
14588
12313
487
17754
1479
118
640
207
12990
538
1271
2155
28148
1644
2783
58267
15330
68
88
1479
30
1512
44120
251
1443
95843
552
6749
3173
5842
292
56366
35807
34
640
1386
118
3173
3
7505
3048
118
3173
2097
1263
3
20345
319
897
3633
2158
46
7
1157
11803
28
277
385
9053
8107
43
20739
739
12161
57335
30132
26393
50
9
58
8319
3
8740
14338
868
1791
3
31910
23
50
9
7037
3
8740
14338
24558
10
27335
51197
7693
39
2038
19680
1648
2038
8163
37265
10
2038
10732
37265
36
2038
246
571
54491
35
1739
57
7607
7082
409
38887
401
8
14
4810
57
4800
28
8
14
29
2833
1608
28
8
14
29
3
1134
36874
123
1556
99324
44
2979
65
195
36
86
638
2979
65
977
105
89
955
3
8006
595
648
570
28
674
2552
10046
14783
12913
269
709
10779
10458
3730
6129
5565
2646
3519
33020
1995
2635
1435
4913
5880
2390
4112
36
1090
34
195
10
86
571
5786
3149
129
4902
69
554
123
347
630
58
214
4223
3
630
82
9
134
33
7486
3
4707
2531
17261
18
74332
683
4255
3
121
9
446
17321
5384
518
537
8
14
29
7
18216
15778
494
35808
10408
10
47656
86
1695
366
3
1194
22
240
81
14
29
22
61419
1570
992
139
1950
223
692
11
361
1513
3
1286
373
206
8497
2024
246
1300
82308
2158
82308
5249
82308
10
1936
82308
34
127
2062
779
1992
366
3
488
263
804
23
15
127
234
921
5870
8
14
25183
6289
439
119
638
1316
10
10022
60
5315
60
1666
27729
52749
10
83
197
95844
68
109
4645
463
60
4290
5567
54
5095
8
8
8237
6427
8164
18633
7
8
7315
332
1592
3608
3
5926
10
820
53
226
332
10
61
4301
28
11581
33
798
3
586
2568
10440
180
3556
8741
5913
7
6118
2052
41
1971
3982
1362
563
1552
3625
14
8189
59310
1312
66
976
13624
22
9667
7
2232
8236
11769
1271
5584
3204
1472
34
29204
9
6164
89
13293
21086
3
63
2232
69455
19223
1409
638
65
380
426
39
54
4654
2319
19147
89867
84617
80030
36
80030
25865
201
157
1858
26394
93
9882
311
4654
2319
1858
460
380
9882
35102
1379
37
10533
3
9
7
21
3
3815
621
3
30850
180
10
79
41
19681
3
63
24141
24712
184
67
3061
21
3
212
3149
15
4411
212
622
787
849
4309
95845
2832
383
65
1999
8840
28559
9713
6165
35
12
14782
491
8840
22749
19682
3
1959
10
3409
454
39
10
28
8
60
201
3
201
662
110
9
167
458
18962
2006
54492
18
13576
548
496
3
1556
1231
11322
9533
5138
90
1308
15
8165
66585
39
44
1138
1523
3
33021
1448
9150
1448
10
5264
1924
3
88
22134
1448
11610
3
4216
20740
4278
33
23
15
3388
23427
1676
5880
7080
5912
1606
4775
12
8436
9267
2858
3
224
129
15
45226
10973
955
8437
39
8890
41
430
7
344
1907
32196
18
5152
3
557
278
8890
32
5152
10681
1507
7
5004
33
1998
13342
489
3
2372
184
7
919
3
33
1395
790
4435
6018
2257
3
743
12
23428
99325
51
60
32457
3648
99326
28
74333
197
722
286
1316
1258
31
17755
12490
907
66
9243
177
37649
94
10505
2304
266
1342
2154
628
31
907
192
135
32197
1342
347
39716
4030
31
72
10505
34200
192
1342
30
622
39716
9409
1730
13035
185
87
10505
28154
403
80031
2154
63928
19054
232
52
87231
84618
8330
296
14
736
1435
31
22
861
12
69456
1015
9
35103
596
378
39
17756
10
10259
2763
14550
16610
54
5627
21
7
741
4283
10970
18
41
987
3
24142
7124
36
433
87232
10
369
477
42
1153
11
23133
3647
11
140
446
15593
477
3
436
13
986
26395
10
678
26395
105
172
61
1002
3493
10
61
2538
3493
416
41
98
712
77
118
139
5332
33
3
3282
26395
9
47
248
3
74334
74334
492
15486
19594
305
1530
8367
2418
5443
5871
7495
474
5102
22
669
10260
275
3511
8
2377
7932
21
3
3650
52
2204
10
644
515
3
80032
70
3478
229
993
42
48321
48
10618
18963
42
124
284
19947
48
56
19947
4083
2611
7853
9220
7329
7
1308
80033
3
87233
1679
128
30
877
10
8187
2975
40148
11
170
473
3
7508
8
14
29
3
33592
53
568
4861
15487
3
455
63
15
12199
6421
13990
3
2593
9940
3360
24713
24407
30133
3
749
15
1400
79
35104
9
125
8277
250
6199
10175
3
22889
2472
12
513
3501
2960
15934
9352
276
36
9352
63929
3
26396
8
14
29
10911
282
135
234
1155
3
504
7
9591
18
17041
1354
25020
79
3
209
2014
4447
76
7
9591
46
3
17041
3043
9
121
177
456
1245
5481
26570
858
80034
7
751
7570
4741
22
1867
17556
4838
605
598
21
16215
32
26397
346
12011
14339
40
571
1306
4358
26397
3
8177
6397
3742
7345
26043
1698
34
13255
5974
61420
72658
1226
5540
35
60
179
11
3
7357
111
27
70
7357
111
834
67
3733
3
250
46978
1651
10
51943
16611
1770
3
80035
4570
60
6398
3
11482
910
12340
60
3595
3
236
3701
18
449
1389
3
6338
15390
34501
598
21
5804
372
222
154
447
93
50
3536
55
484
1336
236
532
15
127
4916
36
1263
51
526
168
3494
15
46979
3
3120
49
7
4968
18
77
13078
650
9
26223
1617
23
9
121
4272
33
3
33593
78
50
9815
74
3
3372
154
250
1100
879
7
1693
93
50
5804
9919
6302
10619
98
1301
413
28
8
14
29
430
46980
2440
98
413
9
397
1140
302
3
413
7236
72
40
65216
19148
7413
34
1459
285
7107
420
619
21795
96
47
207
61421
65217
100
50
7434
385
5360
28995
13830
59
38888
17752
18872
99327
20245
19859
14880
18872
30851
14880
18872
15882
14880
18872
14096
454
128
7
557
704
3
35105
5509
9
7
23711
2536
150
356
177
94
341
781
177
53588
177
89
43
6358
3
2720
177
18873
12
44
18634
3
3538
1235
1715
23
91
1386
7
99328
71
21923
2048
34502
2970
11416
3
1235
51944
13
2799
66586
8557
12
17495
51944
39
1724
5361
59311
13
300
2301
14097
13
10815
219
3
42576
15
231
4141
51
19683
16612
11770
4599
8290
24275
5641
4879
24275
6930
673
38
2875
492
51
275
947
51
4124
2679
25359
223
302
203
3752
3
85
7358
477
1052
382
1871
3
222
35106
1872
10
1012
13079
3
2343
4217
140
14398
181
1102
15783
8535
242
171
293
1404
2246
88
28155
273
93
1255
706
10150
1557
58
28155
8
17841
18383
13625
568
55
45227
7726
9
7
18635
33
3
63930
766
599
3
91
116
353
5128
12574
32740
6699
93
102
15834
415
3
4867
1184
21
41
26398
3
177
3
1252
5654
3
212
255
165
102
3
177
364
52750
195
8861
433
11887
3
3228
304
3
2305
691
8
2861
482
44
281
3
7257
18301
9183
416
977
134
1148
209
7
5418
449
41
3312
1154
354
988
11
1587
78
41
44
67
121
6088
527
3
2096
168
8
8
44
171
3
38071
579
63
9
21305
136
65218
6239
376
3584
634
32741
376
267
23712
13577
407
4562
443
28
505
18
2048
11
2773
3
510
27
114
82
75
9
533
36
187
505
18
149
3
3268
8
14
1111
13711
7134
2837
38466
1603
1111
352
2148
352
1603
38466
15066
49
288
11560
3
13831
45745
46
89868
1818
3
3076
632
13
6462
46
2060
6462
49022
104
45228
159
27
1051
26399
45228
53
104
49022
106
22249
17116
13624
707
5131
351
4563
652
7
2233
166
970
59312
18
568
15
2233
52751
3
248
163
3
7950
9
30134
3
60358
17914
7
66
3
1279
112
338
245
5287
37266
95846
1089
1820
31634
37266
20346
17684
7649
37266
30135
87234
13
1104
22484
16883
37266
65219
78057
51
28
8515
70
1570
696
7
160
142
2845
2182
567
1649
8516
7
8
14
29
240
28156
30
7
3593
1664
622
6789
1499
3567
42577
14921
1111
811
13
5096
36
4706
13256
71068
33883
30615
9
11855
20347
3
51198
1347
9
32
21
3
563
508
418
32198
3224
104
246
3
9
21
3
34791
911
9
18712
3
32198
21
3
8238
792
1864
12521
13
182
20246
2752
1102
238
3
222
37
251
67
3391
293
511
79
3
312
821
1129
11
405
273
75
15
2667
315
10945
97
1012
11
509
10761
68
767
1442
3
1760
771
112
23590
84619
51
20630
34
1442
57
22
405
1841
36
66
9380
2145
283
9500
115
294
1442
48
1345
75
7
509
33
75
1669
21796
112
58268
283
7
14825
4385
214
993
9380
93
3092
43
1841
649
172
11980
998
201
1644
33
575
37
82
50
22
7690
543
703
527
10149
79
3
209
544
3491
179
7
61
13887
11672
3
2651
33
645
971
2887
10
39287
481
1790
1831
1139
11981
7
5208
766
11417
31
15331
5667
3558
37650
32742
8
7
5299
82
3
277
5695
31
295
11291
505
1644
4236
8862
416
1394
236
7768
419
22
14922
700
31
181
106
3385
7713
25866
14922
57
41
6492
4506
99329
19403
4506
22
1095
15113
3
244
38
249
8223
9
18964
40
1157
21
117
95847
191
181
27
2607
588
3
21797
527
9265
9735
3
11353
12
6550
60
9500
44
3
6851
5963
10458
5963
8
263
9462
1315
46
676
47657
4351
3730
133
3730
6903
36
44
6851
19860
197
3505
10458
19860
180
8
57
41
2382
13
230
3
910
33594
910
270
4163
11
60359
5123
4184
12
10
83
1329
3052
290
526
461
1367
28996
470
59313
1912
18474
3
344
326
49023
23713
160
3479
18474
13080
8
14
15931
301
104
263
11561
25704
5487
2926
324
11
2164
1280
6313
5487
1583
159
1330
2912
8
14
32
1883
3
966
125
2164
1280
6313
5487
1583
159
1330
2912
11512
354
328
3063
4420
538
617
7
4420
256
87235
29
59
49
7951
17557
199
17557
2138
1876
2786
161
257
2759
59
52
14589
16329
3
5132
1482
7786
1758
11076
12
2119
26571
1588
12551
87236
1588
7786
9
1482
7786
38889
24401
3
15712
7509
3819
22609
1941
3248
14880
60
14178
36157
26044
60
14178
26044
280
67981
7
10646
4256
53
7
10646
17322
1683
8988
13
44
1841
392
3
324
8
5879
7
2785
43
2785
158
3
190
15
10816
10
1403
314
61
153
3564
3651
180
326
1018
4003
111
44
45759
44
2482
1294
148
8020
3
477
42
890
220
22033
424
348
253
3
992
8
21534
1464
44
500
52752
58269
4374
52753
3
1679
12618
51945
106
21534
124
2185
43
326
284
1463
2971
42578
3543
6557
7
44
3
64
14234
346
1183
6510
45
2456
87237
56
45
6510
22034
161
21535
3
33022
1443
2318
2707
1295
7433
1375
15
1463
160
7433
9431
28
8
8813
5127
38890
8
449
998
38890
8
12619
6410
8965
1609
3
8878
14440
27
16480
30
2527
175
775
6410
8965
398
17257
3600
1812
3
3221
531
248
2711
3397
258
3387
13
3387
323
1206
760
23
101
12552
797
18384
10647
11
4872
198
206
32
38
3
57
3
543
8108
665
841
18384
3649
2923
18384
58
38
464
2923
9429
1274
3
1789
13487
4044
2595
38
3
13
59314
1217
3
71069
1573
15
8536
60360
1579
521
1809
10762
36
99330
2546
2018
75
521
19224
314
609
546
112
8
269
19948
62
31373
27730
13390
2834
4796
3226
3
32458
62
9592
3097
68
2892
19055
10
19055
34
1101
138
11205
422
223
979
266
1246
185
2528
67
2926
3072
763
157
2926
2810
3520
348
31
22
60361
48
46981
202
2528
3
266
10
177
89
289
3763
143
920
22890
61422
2633
1602
5074
1011
95848
21798
11483
2456
35797
198
35797
198
9
44
2428
3154
3
38
3079
606
671
13
78058
36
59315
3165
633
774
13
3596
9668
37
432
4776
30
47
2022
433
207
1115
217
74
27
82
834
7608
3
3821
10
2079
23
12778
432
3
445
8436
760
23
22
101
2152
926
8436
10
41068
2301
1421
3
3612
760
23
22
101
2152
3612
112
62599
98
413
225
921
3
11918
82
186
113
9
39
287
73
105
86
3
102
35
3054
3
8669
56
8767
126
10
126
3901
10
678
3901
33
4487
3
386
9185
22250
57
592
539
8306
1139
15780
1657
31
21
87238
10
389
24871
99331
51199
8558
3139
35800
11
303
55375
3799
2848
1092
9
287
5541
275
7901
3
675
116
21
5128
11
2388
5362
3
7571
8932
116
7901
40578
3
13770
65220
14879
2721
7902
15784
21
12
1218
875
9224
3
29205
4025
1682
53589
7596
16807
22
44
228
27937
3225
139
70
13
3
47
10
7768
419
6861
6322
5759
11
39717
887
22
8783
7
7
32743
18
41582
3515
3
90
15
536
411
136
1442
20846
11257
497
3
827
8
91
11888
11
8385
4745
31
16216
94
72
5463
11888
11
65
1285
88
86
41
69
11
7035
35
182
2801
51200
621
35
589
36158
35
3851
35
2267
49024
1118
21087
16330
35
13
173
2115
329
880
60
322
51
26224
2822
15437
262
10648
51946
1527
32199
10173
35
4697
5404
3658
3
3546
226
9
36506
11582
2776
1011
44657
10
17992
14
29
2876
7
269
330
8768
22
12408
7624
402
3546
23714
14399
193
5153
74
123
5404
3658
2190
15994
1517
72
18474
385
4890
21306
36872
487
265
4324
41
72659
399
614
3
2324
3355
3
500
10585
52754
3
321
54
8
99
144
87
171
242
46
7624
530
12
21799
1125
41
469
38072
7
3385
1109
64
53
977
29206
725
71
719
1579
41
19949
152
51
1359
251
646
22251
627
3132
205
23010
74335
3
455
196
5472
5363
10534
17323
285
64
17558
8
100
881
3781
869
2362
3
2574
13714
6746
46372
522
3066
7070
2643
124
31635
567
1410
3
3181
7
2082
10284
15
57336
21307
1161
2792
3
57336
47
1161
2082
3
57336
9
17262
3
698
29896
9432
7963
2082
3
57336
168
8
182
5753
11955
9
1624
3
21671
8
1624
5753
21671
2197
1070
11955
9
209
3
24714
8
733
5753
11955
9
182
3
48322
8
621
5753
11955
9
8890
3
43606
8
209
5753
11955
53
9
2596
3
17993
1254
11292
23
124
2035
837
1810
16155
35
727
9
24559
35
199
71054
606
20247
3
14340
31374
36
396
2523
1894
21088
18
20247
8
722
16549
49004
1752
135
485
140
1527
7099
4175
485
22252
3
292
11889
706
11
55
142
159
3
279
922
32
6939
1289
2766
1148
21
76
280
6558
42
15
13341
623
1355
23
817
47
3922
27
535
3678
3
330
13341
2396
9
346
1497
25705
7
9429
145
286
46
280
148
123
22
88
964
985
21308
60
7411
14138
53
99
21308
16331
402
15
3365
3
433
3629
7854
3
1097
489
385
76173
8335
163
84
770
3
121
9
2962
2234
30852
831
31
3
1448
4495
3
5115
22
247
957
264
244
121
9
1440
15713
3
35809
2149
14139
163
42
9
22
76
15
146
37
50
266
479
3
35
74
163
520
227
11029
69457
236
173
13934
13
34201
376
3
1311
2709
1414
28
8
6330
12
870
407
29207
494
33595
333
2242
15
1573
129
45760
48323
26940
6225
1352
47
19497
1261
368
15714
808
2777
4474
67982
29
8
14
29
9593
1173
5180
12
7414
1173
9593
9
7414
432
3
759
179
229
10
7314
491
1208
23988
74336
333
39288
39288
652
9
5662
607
732
13
62
11386
1586
31111
1120
448
343
3
4062
104
45761
448
3
3441
389
215
64
2198
389
82
3
23132
50
9
70
425
7
177
33
909
35107
22
58
11
3121
317
919
4534
31
3
909
35107
760
49
128
7
344
758
3
207
1166
2300
3
5356
112
9760
40149
34
7
29208
23
143
322
271
3
177
304
509
1975
283
38891
34
147
2855
42
15
128
909
35107
401
33
84
147
3
1279
113
170
12575
9433
10
17117
9433
11
365
42
9
11323
9433
205
163
4155
1105
74
158
3
250
39
38
74337
5768
9433
81
223
1107
161
449
1413
1225
4519
5993
3014
20847
13341
163
22
76
9
21924
119
3
398
13935
90
5847
8043
27
7258
4214
204
4214
3
1714
388
519
3
1330
21924
393
371
21924
13
5719
158
3
3991
388
48
311
2941
1076
3
66587
49
90
4698
6876
3062
388
48
311
79
753
71
1716
3
3656
29897
3062
969
545
14881
4851
1407
1852
875
4302
5187
5122
5187
3191
26045
24560
17496
3
672
29209
1407
15488
2791
11
53590
10
3870
1143
13
401
8478
3
645
20348
1407
33884
82309
2791
11
1946
2074
2160
12047
67983
44658
9078
3
8638
8966
1407
6268
2791
11
45229
2117
45762
3
33313
4338
53591
1407
25529
21672
2791
11
262
325
617
18965
22610
1629
47
5836
22610
35
23989
23989
3
922
7
4359
23
50
770
43
2277
41583
3
23990
12620
1140
1078
333
549
123
18302
1993
92
63931
3584
7174
3584
60362
6239
9225
4501
6239
2134
7
7933
384
16332
849
2879
10
12991
142
290
450
3
9966
42579
7694
1471
39
1051
8769
96
46373
17622
246
3
12407
2130
9
7
24276
82310
8
828
3
334
8207
4862
18
56
12738
3
1127
22
6770
7
71070
96
219
3
69458
30136
33
9353
278
7
400
4045
319
1813
7276
20248
62600
18074
278
2325
33023
2919
42068
2872
31
70
2325
450
675
34503
3
21925
36
22
8912
7625
48324
27
95849
94
42068
12
164
7270
27
23134
33
1853
66588
1853
66588
408
15
1134
2293
250
30
346
336
553
755
260
4777
35810
867
470
118
150
15114
3302
54
24872
66
728
394
377
72660
151
844
9594
2406
11
584
21
40150
97
116
2298
3
19404
5694
11
17419
2536
704
3
80036
35
179
3
1682
49742
28
96
8
2328
30
9124
11
4617
584
6315
55376
151
10
72660
151
832
3
2298
221
73
323
11
79
80037
3
38
5166
2029
1042
818
27938
34
2220
579
30
39
13888
190
679
4461
161
3
11030
3
456
36
8007
839
131
3
13081
99332
604
3
982
1726
27
962
1129
1490
5280
3
234
982
23
117
1091
2201
3
7266
36
1947
3
2888
27
1726
45
7
8
52
11
18303
803
80
38
1536
327
22362
431
2531
680
11418
26760
484
5037
198
80
120
95
26225
1385
7
1829
83
150
144
18
25184
131
2825
4131
680
2848
40
1551
21089
527
2441
68
230
2568
527
2441
104
10192
1922
4233
11703
11856
27
12697
3735
46374
2343
3679
13
12162
1733
4233
7
1371
4766
254
14972
3
1197
8706
3826
44
2452
18
3
7817
20048
4233
60
854
3
3303
2397
1204
8
79
3
182
7727
13164
106
3269
89869
44121
7875
2120
1468
203
334
4148
1856
426
31
19861
5483
17994
10099
51
9501
30
52
1518
20349
401
23
92
22
7690
95850
3
30137
625
612
38
10682
10233
150
11
2717
9536
11
1938
150
3
6163
120
36159
29210
10
30
116
74
51947
7
35811
48325
242
62
11386
3294
8656
568
1461
38467
1641
57337
47
5843
2245
9
2616
3
545
1170
41
1461
428
51
996
215
3
118
18
447
1103
1349
1898
115
4365
3
13422
122
51
6149
1055
56
192
221
33
347
1625
1920
5310
4303
552
1765
4861
3630
278
7
2616
369
119
700
373
1250
347
1625
9244
3
6208
41069
90
21
9
38
35447
189
21
764
32
2624
995
8044
8022
1718
2169
74338
51201
12
72661
51
13343
8
14
29
724
57
1891
24715
24715
7
64
400
191
376
35
2771
2188
22
405
1799
43
1605
376
35
2771
3
52755
259
18217
30
4240
815
1131
36
11055
3
4067
70
55
849
1942
11733
22
306
8224
140
1313
7382
16403
564
155
673
41
45
15
2302
3305
1359
3
447
2035
338
741
338
3723
12992
2148
3995
11562
20631
14396
12
2542
245
53
408
15
3010
291
2542
1406
48326
101
95851
8
4132
914
13527
65221
53592
1813
4196
12
750
30
27145
12
2469
6359
69459
58270
13528
5655
7914
7445
240
2655
12012
3454
12012
27
8658
32
29425
22611
13
16958
158
3
250
74339
162
3744
96
626
412
11
74339
68
74339
17420
35108
8166
42069
24561
844
41
1127
3
291
824
895
23
818
11
74340
238
5281
216
9
38
7100
443
386
461
884
11387
5014
173
79
3
773
16217
217
7769
3
1170
129
12
23283
54
19405
4076
227
14098
122
3909
44122
99333
335
18213
51948
19149
18385
1599
95852
18475
24562
8933
149
3909
44122
3705
18213
6150
7
18475
33
76174
7735
71071
36160
42070
19149
18385
3
6150
6705
13
18475
1571
12843
166
301
10
19595
95
21800
1008
9113
3
51202
8117
1008
125
1473
71072
50
32744
2194
9226
3738
30616
36161
9
8768
3
84
6757
33024
235
31375
52756
55377
10
2728
18874
1840
13832
8861
2778
235
7914
55378
5504
15278
2778
235
18636
42
32
2375
23846
297
29426
5585
92730
6360
11822
89870
14341
259
3348
871
18637
8795
3
1877
4967
69460
920
49730
1745
3
45230
12276
12
80038
42071
40
1254
36875
4967
69460
52757
7
8
14
29
21309
10572
3
1340
758
295
3
96
1174
33596
1174
24277
11
27539
21309
4689
27
21309
55379
956
7
628
96
59
857
111
1516
4430
55
1715
4234
41
21
186
3763
56
161
4735
57
4090
1519
7
38892
86
4488
1121
565
700
12698
179
11
31911
15438
80039
21417
42061
5411
3
4090
5372
107
1749
199
991
152
455
27
342
248
3
90
23135
2236
59
49
324
200
266
47
207
55
2573
66589
977
1509
25530
33597
35812
53593
29211
1844
195
3
71073
2608
2393
409
5361
1438
23847
1559
308
842
8
1608
3
4723
11532
308
10
123
1608
3
24873
1392
13
1028
18
3
1392
10
26400
739
66589
1392
66589
3
829
1625
1100
2766
72
15
5270
7247
15540
14
34
249
29427
32
637
12
183
1202
73
342
811
751
3
53594
27
32
44
12
183
1202
73
57
77
708
685
5306
685
357
5252
95853
30853
67984
87239
80040
255
5226
3
152
37651
549
40579
3514
440
774
893
12
60363
1177
12
12663
2033
24563
8255
574
15437
1147
96
8
4095
13936
41070
10479
2676
4425
1460
97
8
99334
164
40
16959
1992
1225
37652
13
2206
9354
99335
1432
806
23
8
14
29
13341
295
6151
1357
8537
7915
36507
72
15
142
124
991
5613
16960
7
230
36
5411
32459
347
78
1634
22
1802
12664
1473
10975
3
380
8
1106
340
5486
9151
3344
3
9501
277
3
14732
31112
12
85
4998
179
31112
668
761
744
8
117
13
3516
71074
5015
1603
89871
82
9
9920
12665
3
4708
9
9920
10261
40151
3
37
3843
2158
7
546
18
7934
94
90
13344
38893
1428
1508
227
79
66
84620
3
648
2744
405
2904
40580
7
1964
36
15012
1008
273
10480
31636
17685
32
3500
3
99336
12
436
7
80041
119
291
508
38
15215
21189
12
8320
310
3
2944
30
1358
157
2993
41
99336
10151
8008
15883
37653
1584
51
10535
20632
3
450
34202
20537
57338
666
11
37653
1584
3
114
23
654
40
99336
6911
3
8008
13715
6089
4083
49025
41
7021
3
55
13392
646
38073
1073
284
2325
495
3
4413
1700
765
121
11229
9352
31912
7044
446
21190
31
4332
3215
5076
30
2888
11
99
15653
30
438
12
24408
493
78059
87240
15
3225
3318
194
277
547
565
60
1188
213
3
3732
1869
2072
18713
4653
2298
11
14501
804
206
7
8
2298
11
14341
7
55
94
3
17995
14341
42
39
6989
445
7
50429
5042
3
34203
947
78060
7675
44123
49743
9
966
14137
3
37
75
15
115
515
258
454
40
40581
517
1899
12
7519
3
9
161
3
13578
3270
21418
48327
10
21419
3
15884
239
87241
12
84621
2157
3139
9
7
23591
41
3
10481
43607
3
583
41
418
13
80042
250
67985
30
150
89872
33025
278
23011
7800
242
972
75
502
1224
4752
91
3
40152
304
23
1214
11
127
21536
3
29212
91
23
154
107
21536
211
91
3
231
63932
18
69
7818
34
842
385
6835
3
4507
10
11031
184
32200
11563
7271
5097
24278
3
7678
3199
3
36508
507
2852
48328
21673
48328
8
18638
2814
701
622
13488
15115
1545
16961
21674
8964
897
12
155
2946
616
300
10911
72
40
348
5642
3
18304
913
13
1586
34792
1082
52
140
3
18304
1093
13
1586
1093
39
269
24716
38894
4941
57
3
366
38895
12
45763
6877
290
260
6448
99337
3
84622
516
6437
206
8704
13257
7679
22035
3
74341
3547
154
35
1688
1623
508
48329
48330
79
6448
42072
3
144
84622
7
16156
31
75
2655
78
3541
6437
236
9
358
33
848
84622
416
39
8498
260
74
923
47
4314
31376
599
187
8146
369
9
6218
3
9328
223
786
132
276
334
6218
3
29673
29673
1516
302
13
14826
192
4908
3739
3
4176
104
7636
3
85
741
7
4886
185
15835
1073
403
1902
606
5114
376
9883
11354
7
71075
78061
31377
8387
18
112
39718
5282
25867
78062
92
22
2113
52
25531
1391
14
3274
694
14
694
139
7
1916
12807
86
906
521
403
62
587
4015
46369
48
1010
33314
451
187
27
62
1172
7
2189
1260
2543
471
71
1244
3
187
251
9
46369
168
18075
126
7
10837
469
9
32
5844
8107
3903
7
9050
1283
189
795
906
156
165
5845
1030
1350
187
28352
28
8
701
22
6734
7
1016
4474
198
3
4063
20442
129
890
11419
597
27
7
10175
171
31
3
5072
119
66
72
6500
171
80043
24143
84623
24143
22
669
66
5263
567
18305
3
9502
93
3720
16884
4426
109
51
41584
278
2148
1744
8515
223
2354
3752
3
506
42
9
5346
1694
168
8
14
5116
715
44124
133
45
14400
13
43600
3
14400
9668
3239
80044
49026
1817
747
30
7
99
1817
3
3758
3239
232
1817
13
397
13937
3
66590
1537
95854
3
401
990
6090
5181
8
2619
31
4706
117
4250
850
6717
27
1649
652
18
3
142
13626
194
4523
9
480
53
9
7787
3
911
259
15541
3
2239
23
933
22
127
35
58
213
36162
3
6836
23
49
839
4524
27
15
21081
3
578
168
1426
36162
43
11
36163
6836
1023
49
62601
8
14
29
43099
2970
1057
567
3
5987
2768
11324
33
3
63933
15
38
8517
2042
313
40
18306
3527
39
3388
3
428
116
2042
156
56
12808
33
1715
3418
1178
43
88
783
51949
3
21420
372
48331
41
21
72
12453
72
74342
6912
48331
56367
11
1853
76175
24279
90
2713
83
293
50
49744
273
100
156
2666
13716
58
15067
9202
4851
183
472
24874
7
5227
828
3
21926
67
442
37
7496
23284
94
184
5869
1025
22485
34
484
105
3
24874
24874
113
9
3132
3
35448
27
8064
15654
8
14
29
3067
21801
5510
14
29
82
7
44
914
2107
104
2322
24280
3
147
510
110
21
128
7
598
1619
3
460
815
187
36
6119
18
31913
9
44
2118
1304
195
549
3304
993
249
3
30138
69
76176
29428
1416
27336
72662
53595
34
27
230
3
656
40149
394
53
9
39
3
381
79
3
192
256
727
2315
3
256
41
6511
298
5340
172
1187
132
1055
97
382
98
9034
1273
5192
1864
28997
21
3
456
1277
11
9517
18386
3
406
3
34793
638
228
738
80
6377
9
252
6460
15
228
738
21
7
2893
135
485
11
805
1360
10
1116
30
7
8
220
11
2155
3213
6913
855
56
89873
18
516
80
2620
13
2807
124
31113
952
2502
588
11
60364
35813
13
177
1611
158
3
1310
904
14
22486
35449
159
3
1019
23429
1030
21191
10
6397
151
3
31
106
8707
784
107
2517
7
6026
22
7829
905
3061
8518
99338
59
7
80
8
1390
3
702
787
3783
48332
55380
7
418
2169
2079
22
4170
3169
572
13
3708
3366
912
12
5083
13627
1136
481
22
11888
30
912
12
2515
95855
1928
8
14
1564
32
572
33
3
2793
72
239
150
11
4685
2772
1272
8947
5265
3
22612
771
49
289
34504
840
3
578
7
451
4635
46
2778
241
9986
4040
307
471
48333
42
132
314
737
3659
31
6726
3
401
93
339
73
2086
1579
42
219
30854
15880
417
12914
172
9
4268
32
201
3
1156
37
848
1156
100
156
217
14923
3
8
305
39719
488
11
44
84
1325
3
25868
4413
56368
1416
215
6039
141
89
52
38
2699
195
901
11
92731
3
538
951
265
3
509
36
8336
3
12915
8879
214
1048
21537
1411
3138
10
28560
959
107
1518
3
63
1870
1175
41
33885
40153
3
548
10
25700
1024
417
3
92732
13
523
109
380
448
77
7695
38896
1082
17118
2461
9552
302
3
1379
9
39
5649
51
1379
1301
27
81
82
7
54
565
39
17042
435
201
6428
31
2507
83
395
10
913
3444
17757
42
9
4151
23715
3879
66
7572
2660
8208
1419
34204
66
261
7
8
14
606
5316
17842
12
31114
4297
80045
89874
5316
31114
4297
80045
89874
9
11080
828
3
249
619
79
9095
2064
89
28998
3
931
286
38074
52758
286
1800
14140
3
1002
22891
62
15995
523
1170
1800
7
92733
3
71076
8639
8373
17996
18387
11
4373
1314
98
1710
140
22
3540
30382
50430
16404
22
665
438
121
20141
531
33886
30139
51
32745
51203
8
37267
13771
282
11
38
542
3024
1116
1782
757
17119
301
659
3024
327
1634
7
883
3
673
8384
4530
1510
513
42
7
44
15
44125
649
11417
6530
31
14
29
46
23991
7
326
1210
2242
454
3
7755
9
2414
30383
744
8
3
5076
69461
1941
7
80046
852
736
61
94
21
1490
211
8438
135
279
149
744
3
8708
30
131
11919
3
3158
577
3072
6166
28
8
14
54
8
14
21921
10409
56
107
424
18
23
50
5213
69462
5189
12
107
640
167
11
14733
3
436
525
92734
28775
40
739
1287
28999
526
19498
3811
21421
1786
435
3314
735
1049
7
62
10
230
73
112
136
1140
894
32
7108
48
14502
16881
343
1206
199
12
204
447
15
11
159
45
59
49
74343
27
6209
53
50
12
109
167
414
398
177
3
1417
928
625
7786
1758
5214
5905
1866
12409
1709
258
103
268
73
14590
80
117
1708
105
72
92
349
1009
892
10
892
55
765
892
299
42
9
32
41
523
77
2658
37268
12
4699
569
28
215
523
1009
1326
29674
3
13717
10
1883
3
10912
42
9
523
892
1009
3
676
50
125
41
523
987
3
374
56369
81
631
1221
2248
1941
12
80
164
55381
164
51950
164
6303
1714
6303
31
3
1481
21927
48
21927
6303
31
3
1481
202
801
20848
20848
7109
462
7
7801
40
4227
71
140
4831
14827
168
10709
18801
552
1266
36
9866
3699
1431
552
1277
16742
41
552
753
10
9866
3699
3
247
842
16742
17623
12096
33
660
3
11611
6470
27
1324
120
16742
3
5082
10
16742
13
18714
24140
4865
3
24403
5082
585
82
9
858
360
38
8459
90
48334
964
107
964
3235
125
810
1641
12277
104
38
1707
27
1012
1405
3
50431
56
384
3
963
1563
2035
3130
852
3
1226
59
50
2565
6761
3055
47
816
1191
7
96
31
2280
3130
31
2378
30836
27
32
12
84
30836
138
61
72
737
11
49027
22478
5433
2133
214
37654
145
100
2553
46374
78063
8478
13
43608
34
1584
627
12
61
544
452
4334
3
5433
23
9
10285
84
7346
3
5433
110
33887
941
3
36509
165
1482
413
1326
34205
127
1270
11
127
25185
3
1034
1881
70
80047
3
1349
2176
306
9
5742
12739
54493
13833
57339
34
35
3
843
203
508
26941
35109
8880
2987
2880
4547
3974
2729
318
31
29000
843
1751
4171
686
8318
15785
114
182
353
10
804
190
3
13210
7
14
29
3
63934
724
2590
1523
2983
140
127
3
292
42
9
32
6788
8742
3
358
128
5906
3
436
3306
31637
2040
23
9
6788
8742
2790
4246
18
3
4174
23716
3306
23
15
458
59316
3
48335
5250
5663
88
3
63
10095
69
135
5663
1077
135
606
20741
10
1746
983
135
33026
9
345
4667
7637
445
3
11081
82
15
10193
7494
10
6449
9149
2201
3
78064
37
90
740
3
418
44126
1602
1286
373
4024
947
8353
12844
32
628
169
297
12
909
776
50432
3
55
628
9714
53
54
165
5419
3
73
13529
117
238
2192
27
20249
3
1193
30
45764
645
20849
247
364
358
20849
26226
3
212
132
156
388
2649
3
14292
70
182
7
19406
238
18
898
6779
32201
1090
517
1856
3121
119
196
8948
33598
3728
3708
78065
12013
23
92735
12
24553
12013
53
387
6049
3
143
52
642
1834
3540
132
1161
3
9
38
655
7
900
82
3
149
476
96
113
49
22
2006
186
768
8
14
29
66
308
2543
10855
1660
308
8666
162
1455
53596
933
1445
15
28150
184
16157
115
17914
340
3
65222
61423
45231
27
701
45232
5103
203
81
45232
5103
203
81
9
44
16738
33
227
2374
3
1407
72663
643
9
8
3
187
7347
3
11804
7
15655
3
441
566
8589
43
13938
31
31115
1496
11
38
22750
3
45765
30
41
21
58271
26572
78
153
25186
1637
52759
3
2891
262
1471
11325
9
157
374
3
73
369
319
248
115
3280
41
383
374
3
4878
10
9329
34
32202
78
1114
58
970
3
15836
22
7435
4601
23
156
1610
97
42580
163
3
15836
13131
3
3521
23
156
785
26942
74
568
39720
174
113
122
713
988
8147
3564
4223
36
2316
838
7855
23
346
1932
1639
84624
5964
111
699
23
123
800
12410
3
26761
579
7413
20850
50433
55382
18
45233
55382
9
121
564
1036
648
570
28
17421
145
13
4328
10441
65223
7
1716
18
3
331
12
4207
4298
124
23135
63935
44127
82
2826
10
8765
811
445
23
39289
103
3
486
190
81
711
55
1715
4207
247
12576
302
1880
27
6069
3
1847
81
12
179
3
8828
477
10
49028
27
2251
70
25021
3
143
136
3765
571
181
18715
230
5005
3
14924
6914
27
25525
18966
1123
3709
314
230
1081
8225
140
12943
8
278
12
8
75
114
1123
88
136
437
264
230
1081
8
8
14
26573
561
326
8989
3192
7993
57
11
7
1460
3060
8
3
159
185
3192
3
21192
51204
54
263
108
462
2510
9227
3671
51
1869
200
3492
101
1455
3492
1512
1610
401
13
1094
24409
7520
930
3
3036
471
90
91
3
6873
1561
78066
89875
27
545
11
1198
3
1161
2896
3
39721
17422
6240
47
387
478
518
6240
186
113
7
2710
49
22
15542
87
551
398
3724
221
112
17997
15715
17686
26762
63936
67986
80048
34
221
30
15
31638
678
3
14441
259
32460
636
16405
18307
1718
3443
7896
3
510
1618
60365
3
6915
91
41
29429
3
6736
11890
29430
37
91
3
5614
3844
69
10976
51951
91
9816
4218
2080
7533
23842
23992
175
8
14
40154
32
49029
45766
131
1580
51205
23717
1668
546
1017
10856
7
20049
51206
51952
100
6323
11
51952
31639
118
180
7
21663
9686
5354
900
31378
168
10707
3389
3
38897
12
56
45
2222
13423
54
99
10707
3
428
318
51
526
9669
474
57335
42
15
19596
52
1356
1724
7
8118
9485
26763
219
4457
22367
58272
52760
323
1356
3979
113
259
24717
24410
3
9203
50434
9203
14293
1147
9652
